100
8258 62 38 96 56
62960 75 58 18 10
1848 95 60 25 31
65240 1 32 100 60
31815 69 81 87 17
18583 40 15 15 74
3151 87 44 66 96
70586 67 71 36 72
33705 31 22 46 81
35770 85 28 98 65
50638 34 87 41 86
69602 92 84 68 18
91315 88 36 40 24
96580 25 38 60 81
93253 78 54 30 84
71141 62 48 89 73
83230 16 12 23 11
91320 61 12 65 14
32331 13 49 85 50
6107 18 74 49 96
54717 19 83 11 98
73766 52 15 1 39
68340 71 49 13 92
83695 66 36 97 99
73212 7 81 62 32
96876 34 60 59 91
51619 5 36 13 36
44694 45 73 79 75
78783 7 20 7 79
47019 42 66 16 60
4096 25 100 85 83
46182 54 19 34 15
44405 88 59 70 84
77598 62 9 12 98
26985 20 65 33 75
27344 9 88 5 95
65157 73 4 95 4
51370 27 11 79 69
2348 55 42 26 4
98257 27 49 41 59
40422 10 6 73 79
54684 84 9 99 19
22838 48 27 87 83
88116 70 86 95 57
38657 11 39 79 81
62207 21 71 41 21
98353 19 29 97 75
64475 32 9 44 32
32951 40 58 69 38
5062 44 87 73 32
19405 1 67 47 70
14277 53 90 61 74
91033 11 62 77 67
58790 46 76 14 11
98626 36 38 26 80
35812 79 61 5 1
52434 86 61 16 35
81879 1 6 12 92
44828 62 90 4 3
81794 82 64 63 31
66430 81 73 22 11
28134 13 39 43 22
3664 48 13 79 13
21804 23 14 17 39
41472 31 94 97 38
83013 4 24 85 16
73600 9 78 99 51
2503 2 97 6 50
95071 43 25 32 46
89735 14 54 48 17
38358 27 25 74 56
42355 65 49 47 20
20344 9 81 38 30
81642 56 38 29 9
365 5 35 63 95
4010 18 77 62 100
87916 12 17 22 89
29697 31 50 44 66
13944 35 42 68 39
80485 14 48 68 19
64134 6 76 96 4
33852 6 83 4 63
1115 22 66 68 12
80860 94 36 50 56
374 30 10 65 95
2771 56 62 46 46
26377 44 73 100 3
52152 75 8 7 7
50107 28 64 31 47
96082 97 11 72 62
81258 82 99 16 82
38990 25 24 73 39
75068 93 12 85 30
41098 99 61 61 6
23477 3 87 8 87
97498 89 90 23 74
51568 13 11 38 61
25055 72 22 46 5
69872 20 77 2 11
53842 29 95 10 52
