100
100000 57 8 60 31
100000 62 77 36 100
100000 92 65 96 85
100000 23 42 3 9
100000 79 39 68 37
100000 74 58 62 94
100000 54 27 53 47
100000 17 72 79 21
100000 23 46 8 69
100000 89 98 88 33
100000 59 85 48 28
100000 60 98 28 65
100000 38 51 41 80
100000 61 85 68 64
100000 79 63 97 4
100000 73 76 97 52
100000 29 53 40 31
100000 28 61 66 50
100000 68 53 83 87
100000 32 91 13 90
100000 80 43 60 9
100000 2 25 6 83
100000 25 49 40 53
100000 18 24 5 89
100000 60 38 39 75
100000 77 17 63 36
100000 2 93 24 65
100000 8 12 3 96
100000 60 34 56 44
100000 65 99 6 29
100000 41 19 48 77
100000 66 29 7 68
100000 33 51 28 36
100000 43 72 38 63
100000 83 9 3 78
100000 44 42 5 70
100000 58 44 14 81
100000 29 59 30 25
100000 48 37 33 8
100000 43 79 76 62
100000 55 95 31 83
100000 44 23 23 39
100000 59 91 37 39
100000 64 69 67 50
100000 85 78 12 100
100000 39 7 3 88
100000 88 69 54 55
100000 67 4 6 20
100000 82 87 61 85
100000 37 78 95 48
100000 21 88 66 23
100000 57 14 15 98
100000 28 56 93 46
100000 86 63 95 9
100000 58 28 56 10
100000 89 5 25 76
100000 35 42 14 34
100000 88 4 7 70
100000 66 16 97 49
100000 61 61 72 80
100000 42 67 32 90
100000 100 64 22 73
100000 59 91 16 58
100000 58 78 98 32
100000 87 23 100 28
100000 20 38 54 79
100000 49 21 28 32
100000 47 22 65 62
100000 100 90 22 22
100000 26 37 54 24
100000 70 32 31 4
100000 10 26 4 64
100000 31 14 9 82
100000 96 70 83 21
100000 25 4 93 75
100000 34 46 29 96
100000 25 78 73 39
100000 62 58 50 89
100000 51 40 43 62
100000 40 81 71 63
100000 78 27 33 42
100000 67 65 34 26
100000 68 28 1 21
100000 28 57 19 79
100000 73 67 58 81
100000 43 85 24 71
100000 70 77 78 76
100000 45 76 48 68
100000 35 76 32 79
100000 14 63 37 37
100000 41 51 77 12
100000 11 36 83 4
100000 87 81 57 6
100000 79 96 44 98
100000 62 98 42 97
100000 64 97 59 59
100000 60 98 51 17
100000 66 66 30 3
100000 11 79 19 64
100000 40 1 65 66
