10000
84167.21
55208.46
72702.94
87844.79
82764.72
37300.28
83104.21
25820.9
34401.18
22324.1
29273.10
30973.1
62456.5
20452.74
43941.56
50976.50
85950.68
34474.42
76788.96
10189.9
7160.21
32292.60
37886.83
77708.65
85302.30
69422.22
76623.97
38906.34
51177.42
30503.37
53314.52
85273.98
80926.90
51643.13
20114.84
54086.19
36122.59
14576.42
43514.60
46863.30
89731.7
20717.48
65395.4
18614.47
69644.70
83309.69
80437.92
36849.59
20940.14
37876.15
33641.40
43652.40
64969.94
13988.28
44858.30
71404.30
77650.78
29148.72
2754.20
41836.80
41286.90
69271.37
42356.88
11217.74
76091.91
24528.19
36902.62
5460.26
16193.9
21737.98
98089.16
18943.69
58132.59
80735.21
16956.35
48569.7
96389.36
29648.60
876.16
58831.99
41284.17
53239.95
87860.45
38936.44
52300.7
82697.82
2422.58
81290.65
44615.7
91672.57
79954.78
80572.45
12343.11
83246.36
26244.73
10935.37
27704.7
97024.70
35997.32
48895.27
83388.26
99111.77
14649.91
74260.31
44745.23
72873.86
97284.10
61161.10
48662.67
57649.26
78005.81
52510.38
93702.84
63723.79
87692.26
88805.28
14719.94
33508.62
6069.19
7536.48
21172.16
78578.94
58336.37
96161.75
61147.55
19262.57
95786.57
6297.74
88721.17
28723.84
99177.54
55226.67
31021.68
55899.25
11342.59
55774.91
52194.48
73123.73
15494.82
20680.21
60597.43
66022.91
65515.66
97557.3
68919.70
34924.21
90305.95
93535.10
31716.22
77158.88
83578.47
16906.40
52094.97
43077.62
5158.82
43073.9
40292.47
1172.85
79773.58
72520.53
66547.46
91619.14
53631.14
66533.44
26405.8
5563.18
97455.12
94847.97
24790.54
57880.73
29911.87
78649.51
42313.11
37739.19
50066.14
17616.56
8788.3
27430.72
9403.61
39642.73
65876.85
11911.60
21027.19
65761.35
16287.58
16453.64
25628.28
35994.66
17268.32
93259.28
23603.71
99767.69
70051.95
77591.19
54181.94
1322.90
35248.42
63086.19
48896.40
98989.14
31564.60
11416.40
36779.44
26649.75
52464.80
3783.93
34129.36
36620.24
34225.52
54727.78
463.71
25633.63
48905.20
86338.76
19661.6
2520.58
91498.65
97275.9
68708.35
56789.48
19413.63
42726.63
46229.69
50720.24
7455.14
24744.97
91276.90
2333.79
15888.31
66172.6
84732.43
14679.59
22644.54
44361.21
56838.33
55319.33
58909.31
64419.4
23576.5
374.78
30038.96
25728.53
49684.19
92088.99
36012.17
2057.8
86838.81
36301.88
34719.9
45636.31
53728.50
35652.43
5679.84
73851.93
63106.10
58596.52
87846.57
15037.96
67722.9
88284.85
53082.66
36506.19
67462.9
55919.74
41012.29
86148.96
22921.2
76061.67
65104.86
46644.18
68239.95
64835.56
94590.14
66404.34
73218.47
71672.51
1772.23
36562.44
63961.52
193.27
89455.92
8035.76
52236.28
95685.45
20825.25
96130.18
82771.62
97510.55
8567.44
96504.27
60871.59
54276.20
12161.91
34833.35
65327.45
65878.1
44397.29
58531.3
12433.40
59146.36
16853.23
32582.22
27235.40
48472.50
24499.31
31675.85
99960.20
7501.34
51823.50
12956.91
53671.17
9016.24
54850.96
71769.99
28094.1
67346.82
98033.28
27739.44
49019.91
44580.87
70521.96
86117.97
50308.67
57345.49
29459.4
93709.38
31090.57
27924.33
51919.71
57445.52
93400.21
68380.49
18415.18
26474.88
8480.71
12857.76
31779.36
55762.39
65819.25
71164.9
27447.97
55558.7
20417.75
18722.87
75526.85
57334.54
34625.26
15344.62
27555.6
79609.66
92824.31
76858.35
21063.22
63471.78
44513.64
25003.74
65118.42
77861.57
24733.43
4267.16
40667.50
74056.55
26352.70
11667.30
19717.52
90125.98
43865.95
38190.67
40715.12
58864.73
70389.79
45598.21
97285.32
61763.27
41618.41
88796.51
16785.91
61682.5
73479.78
83780.52
38311.78
89175.36
1100.38
11318.42
63275.54
71350.77
8749.28
74453.37
30106.70
87902.7
27469.92
32420.64
51296.25
77940.47
4029.37
38663.1
71525.85
57702.26
54031.19
58376.55
15986.55
57183.37
6892.32
79140.67
79214.31
62349.67
28385.50
26415.39
75663.98
35627.27
17742.4
35019.67
62355.57
33430.96
93003.90
53675.15
61283.28
74605.93
77502.84
20678.76
66288.10
4481.95
37458.7
54231.86
73810.7
94792.65
63641.98
30082.11
6281.77
47045.50
97750.7
9470.7
195.37
11907.26
51434.5
24171.26
15069.26
41148.61
70667.84
39050.68
54336.45
42542.40
41512.26
36938.22
18164.4
84434.3
62150.21
64450.4
94041.53
28994.6
78401.51
6324.20
84388.3
6482.78
49009.7
72017.66
9450.56
74178.72
60114.99
72111.28
36253.77
47601.94
85912.24
43714.58
60680.57
30202.17
75209.64
48650.35
42372.88
55343.18
9882.73
53084.61
64121.93
8396.98
16179.51
54014.78
53808.27
8159.68
2879.14
85740.24
43994.17
29114.17
77500.93
57342.93
26645.75
9053.22
36903.42
85242.26
62215.50
58748.57
552.72
85318.51
26552.87
90363.64
98340.55
92687.82
80404.32
56616.87
23801.92
884.22
37331.83
3478.19
87451.31
66217.13
22374.13
45419.53
69169.3
98719.68
35064.32
12616.66
84010.31
58289.24
90317.75
52600.6
72070.64
82310.77
24136.2
1210.57
93017.19
12770.96
36776.56
5107.63
43567.80
60207.73
87892.14
4509.16
85960.39
16061.15
85614.91
86275.55
67368.23
94271.36
97576.86
95121.86
7081.41
86976.47
17298.36
40131.34
98044.26
20984.95
54341.75
68930.27
70297.99
49559.85
9433.49
58062.78
79481.50
21120.77
89998.32
26507.35
6683.95
26460.72
79673.79
52346.65
84688.53
30575.52
7686.97
97442.73
41657.38
28541.93
73512.99
75202.38
60955.29
11702.62
7777.64
96776.83
56667.53
68874.40
97763.67
14414.72
1988.65
83443.52
95173.80
31676.37
35095.30
54799.75
27208.84
94807.17
78255.1
88124.34
5145.48
21656.83
92870.59
86863.48
24194.12
56297.22
79690.87
4337.67
60962.16
1215.3
5215.93
90684.84
44847.29
76590.76
74154.3
68616.75
33902.99
91127.45
93334.91
9300.16
18792.95
35829.39
29728.63
45271.93
30653.51
73295.73
59662.37
76045.36
43719.85
67493.63
90017.55
29977.88
69097.69
79730.48
15266.43
72409.5
27549.34
3432.50
89087.26
82617.92
11827.34
43246.37
78440.99
15309.4
8637.83
12694.8
4654.57
88923.93
5633.54
95392.22
77672.69
8601.85
81864.90
22439.45
69113.71
61325.97
14587.7
7731.6
44637.12
2781.53
9649.64
96131.23
49530.55
69696.37
93081.89
36680.33
8626.4
55071.25
25286.6
86364.78
28586.62
83139.24
44157.95
37047.35
61978.65
22337.62
63487.25
84727.37
34179.48
38959.99
54508.1
53254.40
29707.25
93726.35
78379.87
9427.83
76344.11
10317.40
85971.72
33252.50
90953.18
87589.51
6731.74
48907.68
43220.63
46485.46
42521.86
36051.82
42805.54
44315.16
21815.98
84553.66
89701.30
13418.23
63543.24
7742.78
70733.29
22088.13
18726.79
3929.21
10152.5
16055.70
59515.33
96678.95
28490.94
76675.64
16087.27
30764.96
71145.27
91330.37
76632.35
78028.13
35948.16
91388.1
84340.40
35677.5
12572.28
72634.29
59605.4
57430.68
40068.70
30573.99
27633.21
28124.61
95656.8
36695.75
76878.85
98791.34
92429.72
88515.35
53736.38
7212.28
3871.90
68797.97
52233.95
20774.66
91927.77
45135.46
55346.41
19519.25
80215.35
74198.91
71065.1
43082.95
91244.62
13704.44
20983.17
60248.88
96475.57
47563.71
23888.35
34552.14
55266.2
39730.89
46154.1
56894.18
74839.94
81272.37
80961.95
82999.2
84016.13
63128.77
9835.28
4670.49
95215.97
11044.99
53026.38
63876.96
43798.35
98506.31
19602.16
10413.18
89592.71
61211.19
76854.72
81166.8
73990.47
13580.46
84041.18
87157.20
37401.63
75298.91
2821.43
26969.87
32248.2
40863.59
76268.95
60423.28
29796.47
64739.27
13137.68
96671.74
98322.28
27597.87
43429.83
81338.22
58033.63
14518.66
15040.87
4798.44
45371.25
43410.86
56940.51
27230.3
46157.89
85647.86
59325.64
64146.68
86537.6
49464.14
20656.22
53278.63
11269.47
46405.41
65696.8
92423.73
61911.7
79099.80
82463.53
8919.59
80714.86
24375.54
28888.61
88893.80
99189.40
73901.61
70813.2
20621.16
59549.83
22697.10
7304.42
66316.76
38839.59
12021.47
51026.50
70356.59
85386.80
28827.56
78949.91
38934.73
89233.57
26201.49
29134.89
2048.97
38797.61
36085.96
68132.95
924.41
81363.99
65577.81
753.90
7624.57
94521.68
82896.35
33488.87
37686.94
14205.33
15011.62
30730.39
95015.18
28880.63
77079.84
83944.86
1467.6
26984.19
35340.41
37429.34
40217.72
87305.78
22272.80
58772.5
78635.72
26931.15
75969.21
39461.7
82913.86
32479.43
43789.72
34412.36
26036.86
27308.6
80065.72
58927.26
49326.37
29752.69
52886.84
29492.51
27165.17
41612.52
16400.37
99607.12
26258.21
16611.50
35002.89
14615.18
13185.21
14298.10
26074.71
27729.72
74039.90
25412.70
67267.82
76352.10
98047.30
59914.33
8540.46
83437.82
83040.92
13796.97
89765.1
11723.81
75820.35
37641.76
1694.48
79075.58
54271.68
28520.30
9087.24
22937.16
66049.22
27423.89
87176.19
28850.73
82814.80
29121.21
81252.14
35978.24
72004.64
98031.64
70891.81
61234.14
89764.21
63178.2
56783.65
92406.83
88880.79
60976.12
4811.6
52182.6
7942.18
48594.85
84989.91
98918.23
76370.37
14907.86
68545.82
2224.94
3500.96
94274.27
24897.70
90695.46
98918.60
33909.99
54751.15
4391.30
25385.37
86024.74
53079.99
28845.47
29728.24
75310.15
70202.82
56725.15
3222.31
49665.48
11025.31
89278.73
92440.68
87186.80
15059.72
69722.38
40873.99
37059.30
78954.42
15770.69
44269.91
75662.29
65595.94
74870.43
61900.10
49597.25
77839.43
13678.74
33451.50
60491.95
71330.58
81474.89
43581.65
3119.59
7007.26
27287.13
57879.20
10410.55
82779.6
65279.80
98152.76
84174.38
28804.17
98953.68
93165.1
24571.19
27749.4
4113.68
46388.19
77400.25
5810.11
95799.67
9632.69
26572.78
23464.79
30855.7
49641.53
41426.26
31096.60
67988.62
34095.53
53369.87
64041.19
14275.6
7053.58
66808.78
45191.6
75205.92
804.76
86669.91
46679.34
61466.4
32503.72
26602.77
21211.89
77620.47
35350.93
26315.91
33147.27
32623.64
96797.92
89205.72
35586.56
33346.51
46932.32
4334.4
32165.30
33964.89
79900.69
28343.22
97451.53
16835.55
77991.68
74329.92
76905.82
25682.2
28641.58
97680.16
68913.78
76659.61
92118.22
28826.28
54548.60
51318.89
36809.35
12305.1
81267.92
94560.59
51361.68
17404.3
62356.59
84884.59
44219.31
27375.29
66066.64
48248.81
36588.82
14549.33
14971.70
70688.93
14512.39
15690.56
1740.62
78964.89
69438.38
89989.62
49602.94
44205.11
13319.42
94012.7
15852.44
51252.7
56342.60
72514.66
65069.25
35425.9
89271.92
43704.55
80849.95
7358.77
60947.68
60620.85
61081.92
50259.80
83237.38
48402.34
29887.57
40521.45
33675.80
29420.12
45121.63
84120.35
38935.88
28638.65
67093.57
81693.52
31178.95
35417.80
29053.98
9071.55
85267.63
438.67
18737.41
8928.14
50107.63
97381.67
72613.21
76176.69
91322.97
41381.89
24253.55
46975.40
32637.79
99470.63
87695.17
67415.35
85213.54
5761.52
40161.15
64702.93
62835.80
92328.23
51639.55
47713.79
59283.8
31027.6
28427.14
79748.49
24779.36
81256.28
3214.32
49893.19
93772.36
39655.29
2218.81
69469.5
23038.64
56811.99
65965.20
8295.5
59551.81
84627.81
96231.5
60946.2
78972.49
24245.16
5176.21
12738.55
88131.4
46353.49
32708.44
35218.35
33640.57
72215.74
13021.64
40002.37
79540.91
85880.2
86831.46
44169.77
92588.84
22185.47
93605.8
459.23
53532.31
23463.53
51666.85
53690.7
38450.99
61442.93
51765.9
62570.10
49845.68
66323.8
62285.10
81729.37
73628.34
20850.35
14178.4
12339.42
85823.24
2832.62
21030.29
55208.11
71541.12
75819.99
49776.29
25824.93
85588.52
18666.83
55494.61
3350.32
65988.44
41669.49
16548.98
79051.53
26051.99
16958.80
97624.52
7192.10
35146.30
10955.6
44676.13
41522.36
87855.59
86943.68
84486.60
77030.12
79016.38
4379.31
7604.46
10149.90
58888.1
37033.1
24238.38
79430.42
57500.33
21226.22
9119.68
34017.1
65290.38
36917.71
78621.93
8446.42
41956.16
10265.41
10926.23
23891.18
74853.74
53157.67
22024.68
93321.96
92373.39
75688.32
45662.83
1721.17
7196.74
62984.38
4319.9
46526.89
81487.37
12940.59
33169.29
50542.16
36370.32
72444.98
90992.94
50323.51
45568.66
59243.48
22609.63
24116.15
82195.68
84009.84
10200.3
715.50
17175.37
96406.89
28691.54
32498.12
72225.25
65180.68
14804.65
98522.69
33402.88
31395.38
71909.27
10105.86
1571.83
27727.7
82459.6
82925.59
50684.83
873.92
56831.80
39455.20
46022.26
34067.86
36040.29
57273.60
25919.43
96506.8
82003.50
24225.73
25981.33
83154.65
81976.33
78222.76
61605.33
72098.52
51194.48
78129.52
54107.91
27174.8
8657.89
55066.21
82314.32
7043.13
92778.46
21692.61
8058.65
134.85
64016.58
60022.26
85316.61
32611.16
77694.61
99581.42
91354.64
11602.61
67481.76
84999.50
67240.10
46083.22
66655.78
51656.24
40855.57
53779.37
91041.57
12031.9
94257.98
60678.15
15539.70
62144.70
24972.23
51246.8
67405.87
35020.34
52492.63
88270.72
52156.11
15237.51
57851.87
81363.33
99295.82
74924.49
34380.62
41400.50
80236.19
73119.35
32593.30
22939.29
11464.10
82973.72
55556.30
11512.26
769.74
6720.35
43638.51
45869.23
16262.5
48811.7
94391.8
96848.58
2896.68
48759.53
30670.12
5323.95
24433.21
34421.20
58667.24
82374.61
71463.28
57128.33
93048.97
65182.84
710.91
70052.86
37325.24
59162.98
68019.96
34674.96
79234.10
83044.99
23201.71
5713.25
12695.34
12786.80
34119.64
39538.41
72859.26
37239.61
60644.5
6297.87
96364.56
38328.11
52146.74
34760.83
57486.41
55638.10
12333.48
65881.86
82665.60
34037.51
13479.11
47031.53
41889.63
37291.24
43226.12
55715.31
17828.33
28421.84
99338.89
30770.21
81403.19
21614.87
23264.94
57053.41
50754.38
70751.65
40870.85
1507.39
49917.68
69520.62
38023.11
50459.93
32120.1
47473.73
78107.65
61194.54
51753.7
87620.20
53474.61
38079.19
9927.16
54144.32
44651.87
34038.71
8160.34
81105.41
99826.75
69632.94
48154.94
55088.57
50751.33
66717.74
87720.53
58440.90
98871.1
9112.22
9303.85
95969.58
49488.83
3548.1
40722.24
97451.19
58015.16
70574.66
78652.16
36008.51
42761.33
35324.52
73083.25
22795.70
49186.67
75897.39
24015.99
31818.95
70457.94
31446.51
5372.93
69176.51
98207.11
4924.67
10210.78
89013.52
97177.89
70166.47
75016.8
17464.98
69357.82
52699.59
37481.66
24224.68
38642.55
98102.78
37644.72
77738.10
65184.17
36138.56
16281.6
62576.98
32688.17
2198.82
90867.30
4277.10
32741.28
91813.64
90155.99
46951.49
76573.5
16991.55
22065.42
68690.87
839.44
78157.63
56701.92
17352.44
50852.62
27913.40
20413.76
16426.82
69792.61
23526.81
92204.27
59781.57
8430.29
44976.5
90755.37
21975.85
63231.80
46161.21
19007.23
30973.53
56602.88
82281.2
18059.98
62114.21
34937.89
57170.22
65593.51
71594.81
31241.75
72894.19
69617.25
77289.78
21639.69
27288.7
76482.46
18197.62
38564.71
41186.17
73506.66
15509.18
81587.37
2236.23
97167.96
94355.18
22119.27
80314.92
9606.22
79837.6
15861.81
24609.41
98440.58
1875.11
80551.7
31892.75
11762.33
15996.25
26284.90
78230.46
59744.38
95317.37
40686.95
71418.80
43699.87
32460.82
96408.94
82902.84
65105.33
51848.53
99766.69
99732.59
22601.38
88650.90
15296.52
835.53
88797.32
73842.27
29615.99
98136.64
69265.70
59485.12
7135.37
11559.7
50581.78
19574.44
93623.78
1203.50
3774.38
63949.64
47486.89
89098.68
5150.32
1385.88
83463.20
54384.66
97300.31
26774.42
70313.36
75177.86
35066.63
61492.53
14777.30
18551.34
1160.32
21494.84
2569.80
16395.33
19243.69
47908.66
15023.3
68136.67
33026.25
55110.57
55159.52
83878.72
64021.79
98482.21
97937.94
44613.71
74887.64
6561.63
99051.13
3517.48
24958.68
10794.90
95378.65
94447.60
13099.61
301.40
31917.43
46484.70
69638.87
27486.79
62631.86
2581.53
704.14
58765.57
45032.22
54692.95
25552.67
62637.43
98579.58
17447.26
69142.94
89812.60
29601.90
14102.15
44593.29
16436.73
1713.47
68254.53
53652.47
68004.79
38673.69
32246.54
11460.78
898.17
19109.36
74201.17
27913.6
68103.64
58706.9
79915.1
61897.65
78939.24
49897.81
90302.12
5041.94
89346.40
98251.43
65443.22
19369.49
76849.72
20795.66
91031.82
5991.4
53958.80
98672.88
35553.20
67552.4
44366.99
30578.94
62955.3
93685.34
4018.37
25995.84
95692.56
35634.66
83650.65
96122.20
11401.55
47267.12
25230.16
89881.67
57634.14
13207.4
91352.59
60580.16
95391.49
94307.78
47047.30
19116.9
47076.21
1400.10
97325.21
77514.80
37532.75
79707.47
28655.80
3434.11
64626.36
43938.73
84732.56
17928.82
31852.68
56438.83
93458.35
98608.1
79868.84
81915.8
10589.82
91407.11
15183.96
78262.44
68916.52
86791.89
43953.4
19120.7
6001.24
12844.76
98292.91
98796.84
94011.22
78469.72
15156.38
5805.81
37340.45
48158.79
8780.42
25299.6
46974.41
35924.95
32778.73
67309.12
49577.36
85531.90
63689.2
4490.49
27037.54
91941.2
67822.60
87388.71
8576.70
90731.1
31708.11
5225.89
49066.85
8201.56
45329.89
45437.18
63602.79
36512.28
75844.11
35192.43
31318.49
89767.32
36155.49
24849.41
55429.30
31502.1
8395.8
16276.10
4273.55
99807.76
27621.25
73532.18
34982.59
3213.12
15112.47
80834.75
64154.35
64352.46
89622.95
54132.90
30300.16
21585.33
37734.2
25901.56
70081.10
14469.88
20269.41
25277.10
22766.87
42267.70
77398.95
29320.30
96696.37
66206.97
82515.76
90370.71
10163.95
79524.21
50235.77
67358.76
96488.1
44241.70
2205.67
52860.84
65311.31
36154.91
12588.88
9139.32
95747.74
6768.75
60977.87
46353.60
3435.13
18039.45
71881.17
23534.40
74546.85
71473.70
72055.95
49684.47
36909.34
20630.62
79610.5
81337.90
35044.67
61075.83
1941.79
65043.54
23846.25
99786.47
19750.41
49518.30
20838.80
64050.1
66783.69
56416.39
6163.50
80589.84
62815.70
833.81
16655.8
64484.77
54629.75
94870.11
73212.61
74721.50
1498.38
19811.51
84547.37
99290.92
22830.65
60798.31
49989.88
22843.67
21627.60
72347.51
50549.30
48685.50
49470.49
87371.25
65141.41
16718.83
80142.43
45093.97
22174.59
68271.40
24063.45
56859.81
52258.36
80417.47
99197.42
76792.30
5068.60
31774.98
25534.34
85969.60
29312.19
61903.36
36240.41
63252.1
9437.59
1044.47
29571.17
86896.47
15522.28
85756.94
71592.11
95535.87
73964.15
1302.28
23097.26
20755.73
9307.88
97395.79
65971.87
92007.52
74677.15
79462.41
96323.32
39356.44
86580.85
18568.39
45277.95
98860.90
47459.75
69639.40
37477.96
74579.81
19593.17
72388.3
63787.71
15808.62
60960.97
93363.83
33360.30
47715.26
20598.79
36775.15
33315.13
55946.62
28379.31
59416.22
46819.4
77802.36
63428.44
39582.77
9477.10
68537.35
98466.64
13344.33
3889.79
11245.85
97735.64
97004.20
53737.89
47041.71
48225.29
43895.32
48482.10
30664.27
38681.72
728.81
724.33
20622.89
67227.53
54299.78
47506.88
3381.1
43337.50
68495.62
54265.27
77458.48
52092.3
89468.58
66703.20
22021.33
78495.82
32833.48
80693.2
95065.86
46346.52
44534.67
17447.82
22869.48
20059.86
77354.53
61261.45
97130.21
92115.42
67615.62
93402.66
23167.18
99716.17
79814.69
60202.18
78477.62
71942.62
75632.38
23990.45
74016.42
7800.52
38736.31
45135.14
56749.68
81801.72
40600.57
91954.38
80729.66
93886.65
39303.54
74860.27
65681.11
24617.82
54455.63
7874.99
10675.55
7628.66
17209.57
65223.10
810.24
71053.72
47701.4
28642.69
71281.77
80767.81
33443.76
10362.4
5148.60
11968.3
5839.6
2079.56
17183.1
80450.30
13885.35
44013.67
11011.92
75629.1
81929.80
37749.8
7508.72
28221.32
31140.48
58938.68
4959.29
66549.29
27087.58
24421.91
17814.71
10758.19
26145.50
88408.46
16613.51
25673.26
90251.37
54642.80
5808.89
27684.86
48232.89
75744.1
18003.37
58067.97
29170.58
66825.69
23824.15
88474.42
30726.21
43180.3
80366.38
16865.76
50838.4
23863.33
89365.50
24664.71
73506.92
3006.48
37757.27
20625.84
35672.24
30550.29
17556.82
31499.13
46181.52
99302.13
9898.60
95156.55
65934.92
69939.33
11020.86
14147.1
57012.1
62232.76
7634.24
71232.78
70719.24
12979.16
53532.7
24359.48
10641.61
86273.23
44872.14
26966.56
72070.54
81147.3
96196.37
3404.82
68898.29
90056.43
63762.36
98212.95
40606.82
66940.16
15352.43
9163.60
52934.95
91605.19
55702.66
95519.14
14363.9
26593.97
16197.2
73480.51
96221.42
47338.87
40109.80
85980.88
68108.54
35187.68
84464.18
25413.55
48408.45
23340.14
94501.57
14154.14
43442.50
35139.85
36005.51
65440.66
45008.22
16303.34
5440.76
18037.60
61811.27
91619.49
19206.5
42020.61
55524.36
79492.7
7659.35
41899.49
54098.53
59038.40
43660.40
80808.19
86268.46
95918.26
69803.3
2150.82
83388.13
92424.37
42316.54
2074.75
88944.71
52673.30
46806.3
67603.65
244.76
79976.23
312.34
8566.1
56378.17
61536.86
14182.15
71780.71
74789.6
78079.89
52848.26
94601.25
11750.94
24949.89
38454.39
49557.3
86672.69
64132.66
90578.50
65314.63
6757.40
48925.14
22106.41
68434.90
72617.44
75974.58
72705.84
59018.65
13135.20
22249.30
51783.33
81663.65
14387.30
50039.26
65730.64
23124.7
74854.26
76028.16
81618.50
31312.58
64342.53
67991.79
98522.37
12639.70
50238.8
40029.52
79422.42
88837.44
41593.99
54507.52
21619.15
12230.84
91310.94
85236.57
43276.30
37010.43
84431.40
8985.83
56837.28
80526.10
24677.75
2439.5
62620.89
52259.93
13637.69
4933.19
34231.71
127.70
55413.92
67268.28
88278.52
56593.76
54502.53
85695.38
37102.46
50813.40
12267.25
51365.21
85860.47
62006.5
93252.21
27202.23
10614.28
84403.98
81005.47
21778.81
52656.99
53995.82
97978.21
53384.49
72647.44
95763.82
29000.74
24121.57
73803.13
81526.92
51206.56
34695.28
16871.11
4572.73
72292.15
9166.79
8880.82
50789.85
25674.86
36607.17
36933.34
53207.1
56851.81
55261.7
28246.42
59623.81
58124.61
24783.85
90151.42
82023.69
46401.28
33007.93
64670.15
18112.73
58474.41
66495.33
45544.52
92893.6
27618.17
67356.76
84017.12
87768.36
44874.34
68308.72
48826.12
96027.82
16191.44
23121.22
78422.94
78870.66
79906.66
39046.71
41802.90
91969.6
10517.66
85981.19
54259.94
59601.70
99859.83
21205.9
89793.34
30162.4
79537.82
35709.19
90429.26
95550.53
94171.89
13323.26
72730.88
36430.64
31476.49
70998.29
36765.2
59506.31
98061.23
54172.79
1352.50
49157.98
16115.56
59131.43
86596.81
23538.12
48725.24
68980.79
93332.32
63251.79
14200.13
58131.17
61723.19
95114.94
83648.13
93559.30
29966.17
52928.41
49973.37
35549.33
84781.64
75315.61
88403.47
84596.62
801.39
36659.58
67274.51
82866.83
20620.69
4537.15
96849.6
12423.42
9808.65
47251.85
36263.84
22358.24
65583.41
35067.48
82963.48
47006.61
83913.91
42259.8
65599.93
82856.81
31539.86
35896.21
29963.80
30546.24
30038.47
50991.35
24567.99
99804.2
4791.77
52265.29
56587.13
69945.40
75607.71
62134.17
98596.25
42019.26
99632.2
29283.70
75687.84
5472.62
85017.79
4103.17
28791.96
29522.4
45858.35
99645.35
29972.80
30152.80
93513.17
11699.4
10477.54
19252.65
65981.48
4151.34
2854.71
25958.42
3252.9
31056.27
22579.71
20900.11
56277.2
30355.11
21373.14
99373.40
64414.43
10679.47
43952.13
63870.4
86698.61
48334.6
12871.3
6706.57
35955.96
97879.72
2780.20
53373.79
98120.51
56754.31
48844.97
62031.97
68276.85
56603.30
42691.22
44681.54
96474.57
9778.72
51197.8
32979.97
27905.27
39117.15
91094.92
74693.97
90188.33
32526.40
92363.75
55976.35
65855.89
42952.33
39043.26
2038.27
10039.39
10285.94
91028.51
26466.97
54561.19
12262.41
12715.59
22751.43
13525.79
21066.74
33336.35
52268.23
23187.90
49472.19
51970.66
57287.92
28752.4
77675.56
32648.28
90001.96
18597.83
58229.31
10387.66
57080.58
809.56
94350.56
41030.47
53235.57
64085.85
1655.27
56763.17
31574.26
9795.15
8589.30
43899.67
17916.97
90576.37
19158.10
62610.64
43272.75
39643.29
45041.71
35065.61
28357.51
30099.64
93013.75
86236.76
69298.68
33336.8
47822.19
38266.77
65977.96
88191.66
37876.32
95085.68
94389.89
11299.96
99719.34
51164.50
14616.64
84792.77
21463.45
90510.50
23539.5
43241.19
16989.21
66261.35
62136.70
87814.34
55148.46
10287.27
90262.56
81099.61
15972.49
80498.44
57607.60
621.52
52681.12
59949.29
36644.67
74115.78
28624.39
35648.24
59999.71
18318.79
15069.15
46846.61
86685.92
32068.44
11857.85
54204.34
96028.67
72752.4
44356.28
57852.76
76130.39
96281.95
63648.94
85688.33
59937.95
74792.99
32698.1
55417.17
14536.76
1058.76
60739.5
24633.29
27766.84
38310.89
35629.26
70004.20
53143.86
82897.98
67418.34
76689.47
25845.92
60090.85
35307.91
77600.25
80726.68
32076.15
53624.18
98339.75
30078.78
53879.7
92791.53
77558.19
66404.63
68534.60
64998.79
86514.73
56519.33
23938.29
9091.54
75099.66
50828.25
10857.26
34346.55
88259.6
11939.9
69948.32
11875.32
67099.53
92300.62
49258.73
15922.39
63486.36
57386.89
81001.22
34359.6
59472.67
73826.27
47360.19
26549.66
71114.87
28553.99
63419.94
22332.16
36202.45
21799.60
58111.6
39647.13
13314.79
68809.64
64753.50
61610.23
53537.5
46760.82
10835.16
78929.35
37035.39
27050.88
86884.23
21678.72
30040.26
84281.37
27995.13
93843.88
89385.3
94068.48
1452.31
88888.68
95533.53
78427.13
1052.53
65352.78
64982.31
48937.88
73194.70
58383.74
73499.67
5670.47
78045.11
49027.85
15715.53
79050.6
22261.40
89179.74
98636.73
30219.34
61491.62
92341.50
60015.13
78947.91
75694.8
18240.81
32357.52
23373.14
60101.90
18649.28
81768.30
27926.49
20221.23
84257.74
37120.16
66257.47
39161.38
45798.35
78340.78
26625.45
58140.76
3003.55
99253.73
88271.82
38474.98
75012.44
64375.20
94587.1
23713.90
61136.79
11238.56
71495.55
58032.82
91728.85
46346.29
46075.73
35858.99
56160.78
28430.20
67906.89
27270.74
20513.6
78847.19
16822.47
95229.74
62656.26
6465.80
64468.6
57257.40
69999.87
22092.97
38112.28
10049.45
44270.72
4092.93
90879.36
38502.23
53159.14
63765.63
57571.77
50578.30
28230.6
11752.19
98524.7
26407.8
22823.88
19275.64
75494.77
10199.13
26224.38
37574.29
57600.2
30912.66
53776.7
54730.54
15091.54
66309.4
65651.94
36368.59
21533.51
72976.63
21834.31
30669.59
72909.54
36447.78
58155.61
31519.38
28982.13
77084.53
38986.56
93971.98
59667.67
3884.41
75776.81
19512.57
1764.30
37376.21
18528.94
16547.53
209.96
79280.45
97694.88
95286.97
18256.13
65377.1
38526.49
27412.16
93568.31
48256.38
84041.94
16137.77
79122.87
34401.59
90346.65
42400.13
61283.42
13496.83
35488.37
61698.23
34799.96
48839.43
63370.89
46532.30
50397.68
68628.40
71054.27
11681.45
63267.40
73076.48
49621.24
11671.34
3786.65
57820.47
31697.64
95607.4
21784.83
31647.96
29017.44
16147.88
71949.53
3545.37
89933.5
80544.56
21411.4
35089.47
62957.27
29499.64
66851.96
67584.63
19754.26
10527.46
13828.70
51241.83
92590.36
61985.21
24095.53
82857.92
82694.84
20608.78
49947.96
203.45
51370.37
5008.7
95883.60
84475.6
9532.57
81181.80
25469.19
42758.76
88790.51
63478.58
23606.70
96215.83
25978.21
55355.96
1556.10
41356.31
44235.20
34721.71
71093.5
73219.34
56994.71
10716.72
44069.47
63878.87
25941.18
36262.72
82647.76
5474.18
46033.66
64087.41
52726.17
61392.51
14035.31
57039.57
53769.29
34182.4
25069.55
43153.60
21297.45
43835.32
23483.26
31513.76
38281.29
79076.44
85024.62
91980.49
57929.86
62825.86
79513.18
88707.23
34131.9
22080.79
35594.46
70270.53
10406.47
78643.19
45817.18
51275.48
18285.18
33364.33
58607.51
54547.19
99053.80
90763.56
74501.61
45047.34
69274.59
73404.82
66397.52
83929.46
81874.36
24031.16
59982.53
64031.47
39049.53
70872.91
41687.12
66371.46
65437.67
55089.13
10648.7
67224.33
93208.98
54321.65
83675.81
66269.70
2945.82
81453.42
79615.84
95181.14
57777.15
50823.18
86782.49
54217.23
34033.33
72799.44
24816.27
67399.73
84241.37
82123.14
49079.32
1157.9
55877.85
58969.52
80362.79
57481.71
90880.22
24437.80
70172.84
84756.4
26846.38
73871.37
14737.48
90248.7
47399.49
17608.10
72909.18
34489.90
22013.98
11499.86
26522.97
17660.61
85317.96
99584.49
21909.78
58788.19
20099.37
30504.47
68752.20
8696.77
79860.20
86940.93
52799.37
74080.42
96982.87
52765.6
4316.2
40236.56
2175.12
3550.53
47698.9
85202.42
44633.83
40018.57
47483.59
89060.38
91282.7
97947.3
81434.40
17695.85
49139.43
61032.26
1863.89
82200.36
80807.7
46808.69
69071.85
66485.93
68215.37
94959.24
66894.55
4207.45
88880.75
55245.88
80077.52
47974.29
29822.78
13257.17
26219.81
23886.88
13626.14
41613.28
11305.43
70479.49
44585.24
92506.46
10799.63
19651.75
89392.16
67386.27
64578.1
56396.31
67504.39
89061.88
49428.41
34999.59
73006.32
53030.79
70816.42
77125.67
6275.20
58043.24
72377.74
81003.89
90373.62
86840.74
36985.28
92668.10
9738.96
61510.27
82523.80
6110.6
19154.28
10.58
76940.72
39983.8
29688.79
31780.16
4274.64
24021.88
88778.34
53384.50
62296.80
12828.91
68785.88
53672.79
95480.47
31168.1
88777.3
59860.41
6257.5
44579.77
37851.83
5470.27
21174.65
4992.66
46177.16
84824.32
33506.86
72261.10
14393.42
92539.42
40766.33
41683.68
17955.74
52478.97
97013.68
5614.88
63108.57
67426.58
12852.56
47911.22
81413.13
31479.52
258.89
94920.20
95249.86
24233.20
31361.68
17789.41
7893.98
6376.86
15875.43
56008.94
54991.55
35959.87
8253.81
31437.72
12130.58
60472.64
47672.60
48452.34
17310.7
85776.64
76002.76
53457.11
20305.14
11418.65
3988.19
60755.50
1739.32
5917.8
76256.59
43684.47
43917.32
56134.13
81412.58
75946.59
6387.66
34257.9
3889.38
65813.58
91604.3
26203.56
25637.80
65274.64
82083.44
17447.66
34277.71
95238.90
89882.55
29217.33
84286.79
42422.69
20022.61
61445.54
76822.5
50228.53
56698.48
54590.79
10666.87
42455.29
94028.74
26838.85
15906.65
14000.82
92478.58
86928.73
36257.39
23487.7
46128.83
94975.23
19407.85
78835.77
84640.22
36263.31
92389.65
2727.9
82740.64
19954.58
64741.40
53921.1
73218.38
26022.62
42358.73
41860.83
72287.93
76142.17
63903.1
58469.88
49060.38
31818.20
3503.2
32271.69
43028.72
90173.33
88981.90
76906.15
26260.46
70573.7
52698.77
2827.56
76299.42
55749.97
70123.12
33132.71
60413.5
39679.30
76399.68
28731.40
48885.10
91209.87
39136.41
57871.42
90014.72
1363.95
82382.83
7064.96
34736.62
73616.26
56643.71
15672.35
10247.6
91046.9
2279.99
90329.1
24449.95
95905.23
10660.13
11693.76
41635.27
8484.61
50468.18
68497.80
2860.94
16387.50
67814.65
69568.29
91864.50
97104.65
29940.97
14222.3
63506.42
86338.97
71027.86
79911.27
70567.30
76282.96
9577.35
32704.38
14471.91
71986.23
76105.92
21378.20
40222.24
3418.35
99815.9
74529.74
88988.79
86837.30
62524.96
46435.73
41624.8
13355.97
90883.55
9464.13
92415.14
21277.15
73180.69
20384.84
17375.80
6305.18
42531.92
32583.89
88758.26
90114.89
17275.91
39116.16
25103.10
56539.21
43206.64
96470.30
40562.99
85741.32
76604.48
37119.70
1023.81
48873.42
72635.95
44067.3
55482.66
36036.35
7401.13
93591.68
55389.25
31770.75
95106.49
4575.61
86529.10
11133.43
37875.47
99926.11
18442.24
24782.47
27468.55
92667.30
55477.93
23200.28
25213.23
36517.56
14534.51
95859.1
29507.16
25926.2
49294.30
15982.98
85803.97
28385.32
91752.42
91509.72
86617.18
74308.87
37137.2
49445.70
54416.87
32404.15
96551.8
41399.64
66003.25
64164.62
46728.80
54140.20
75798.55
58683.38
97196.68
79043.37
98952.59
11580.80
21219.55
51631.65
11205.34
94476.87
57325.72
34385.22
6118.44
21856.28
31415.86
96539.89
87130.71
63779.42
33247.82
76179.20
5039.40
76896.91
10873.93
1259.16
5435.84
31865.87
37451.19
94750.73
91221.10
32185.17
15478.18
58737.29
25703.30
40120.28
73159.75
95351.5
31386.75
56708.85
3793.20
29800.98
50191.40
37082.40
603.45
69722.16
35042.87
26944.93
79742.28
38507.45
5721.96
2679.78
10501.25
54759.74
22099.5
41553.3
52726.86
65870.96
96425.90
63674.77
63341.58
99458.3
46231.32
83713.97
3983.63
72272.63
38560.37
54957.6
10058.22
78666.66
61180.54
83951.53
38087.38
87323.82
67519.93
83681.31
15219.19
47963.19
64512.99
90022.87
65506.8
95294.18
96188.59
40859.73
67149.35
91353.81
46506.51
88395.6
40801.91
79728.81
68933.19
40976.49
93205.62
59912.23
10858.22
66808.85
34099.3
42136.8
45195.3
76669.21
9883.66
44764.77
31194.65
39620.61
83213.13
75668.27
71734.72
69418.1
30877.77
81636.4
54309.17
20140.34
31972.4
19469.31
34218.97
34185.70
42972.68
90097.35
83468.58
60999.1
38627.71
50592.75
36612.22
8079.5
76591.99
70449.89
23421.12
53737.74
79753.38
28629.36
91507.79
57147.45
78424.73
4006.96
48326.16
19824.68
70019.45
98969.12
51806.73
51141.66
57660.44
61061.16
4217.78
94424.78
3502.42
37120.92
95654.74
40370.9
95852.82
27953.52
89303.24
97921.82
20890.12
13563.7
68947.53
80016.75
69898.12
45730.52
53717.84
29852.12
7549.85
45345.87
36180.67
85089.24
41635.62
21361.61
69619.87
95717.44
69550.97
56194.87
6045.14
57112.54
43506.96
32572.93
70424.70
12143.57
83737.63
9980.7
84718.44
82274.16
73719.98
49084.19
75315.1
72475.7
5407.74
20089.31
99057.78
43999.49
81434.15
73611.22
97137.45
23875.65
18761.61
74224.39
53611.93
80210.21
81201.76
74277.93
79043.35
50117.41
96297.24
87606.96
32330.10
34908.88
5363.39
37251.41
14001.99
82180.95
8530.56
86726.16
88574.53
24662.84
36110.82
93524.56
95219.36
35980.72
50869.65
54316.4
39626.17
42289.35
16785.75
79338.85
11508.70
93236.67
16341.51
50120.38
4785.67
19538.56
38212.12
46233.5
69893.45
57196.38
94523.25
92193.80
8046.77
68150.76
29915.74
73305.29
92791.26
70206.80
99365.51
67199.77
44614.33
23118.9
38977.8
320.32
47067.26
11539.6
61121.54
5392.99
58957.19
57294.76
51394.13
26748.97
33706.39
53261.36
57867.38
55752.84
47017.97
19711.62
63670.42
15851.91
22139.42
17883.19
87841.35
98611.82
35964.33
43618.35
37095.16
61816.50
71795.51
76074.79
72284.44
67608.16
29338.35
96196.97
93288.54
41150.97
12889.6
35716.16
29913.85
70573.12
84333.42
17539.97
95529.25
16571.52
32535.51
92219.40
18104.33
68989.49
99533.91
76764.20
57677.3
10456.2
46969.61
86028.31
34587.58
67226.36
64133.73
2215.13
88583.43
90176.70
93333.70
66009.93
40312.84
84154.78
78181.31
44263.59
8392.98
84871.46
33029.6
29972.62
60344.72
34962.33
61328.67
16859.74
79051.31
94048.61
10682.89
38438.51
85950.82
80363.15
1219.13
93378.54
63179.22
65718.96
8420.93
69188.84
963.20
48346.57
90885.27
19455.36
96283.68
23519.75
67627.73
74725.92
55683.45
74358.88
49654.86
58055.74
20252.88
60181.77
48639.59
35804.68
25619.44
41034.23
6921.50
75652.5
99614.47
4351.59
83028.81
36370.10
47418.24
45675.95
9845.87
28688.29
68136.2
60212.43
44087.66
86161.25
98212.86
74080.47
96146.61
82331.37
61541.26
71840.5
41193.33
57737.79
97101.49
93393.18
21309.29
71081.46
31275.92
43334.30
86813.38
91685.85
80065.5
84887.73
86578.15
11632.38
32213.23
9071.38
29501.41
58943.99
85903.66
58977.69
15630.5
88190.99
63477.63
60517.5
76466.54
99754.91
1933.51
49679.86
91383.5
99187.94
11355.15
12999.23
53561.17
46360.47
4684.31
98093.62
2190.18
82098.77
20216.10
40451.52
12617.51
78934.69
44269.38
44671.31
38441.28
58607.4
11296.97
38249.23
71060.28
15336.86
11810.62
36597.89
54188.70
44777.69
33416.48
45805.64
12409.70
88606.83
91226.97
90906.59
40636.39
20594.80
41735.82
53532.28
99860.70
93244.85
3078.28
33497.95
61539.19
86875.96
75798.23
91430.53
79161.61
18307.81
88959.90
68135.49
82305.31
5478.44
62380.75
90116.97
62429.16
35246.36
26547.25
49499.4
79106.99
81182.21
38476.48
99601.41
49907.75
66340.36
32291.41
22269.38
36783.72
78872.96
9388.72
26415.67
62092.26
85151.90
95227.2
85995.66
84266.64
12839.61
95533.63
85145.15
30279.71
29172.92
75945.40
76276.55
24805.58
41359.5
88526.50
64240.37
65988.84
52627.77
28040.69
52438.29
66297.93
18489.92
23547.55
85434.23
29298.20
13337.42
21939.50
75903.9
6039.52
27625.30
27241.64
94886.33
2904.35
94956.28
96901.16
72273.46
99524.62
53931.71
43541.28
98663.64
31327.41
85113.88
90176.20
74338.79
70934.61
62442.33
83140.80
8939.10
90395.40
2799.67
54051.95
90358.68
9067.56
314.56
30186.31
9124.82
7737.20
93832.49
36623.6
98314.30
65041.87
73403.13
53036.7
31064.84
65116.98
14211.53
54659.10
97257.60
85402.60
8485.19
34186.44
72913.33
56265.11
603.95
68898.29
89039.79
70735.66
48182.12
9638.95
70830.58
93347.72
58717.58
13359.35
83330.42
56063.79
13021.68
38047.15
39738.31
27500.52
36773.48
37140.70
1103.30
43170.10
24658.12
96194.11
78562.34
94836.19
27132.21
28735.22
31641.24
50867.76
33619.55
9824.58
31044.61
51597.93
84647.4
69412.64
40137.93
77480.29
8776.8
36298.61
94206.13
98518.41
25368.19
70504.72
91729.53
63738.6
35130.31
18210.5
75987.93
80360.50
4002.64
5508.87
65978.57
94940.14
84194.44
27038.43
42053.91
27876.34
46263.32
11888.75
62635.43
16158.13
60718.32
4337.21
82617.67
21992.70
83955.32
24588.35
14154.80
18842.52
2098.60
82669.50
68072.93
12262.25
25313.35
70133.96
40780.46
9999.41
57837.92
96116.60
32692.45
52187.76
30804.73
69357.73
23794.29
64747.88
71825.51
40276.3
33125.27
44324.23
78107.31
8671.51
24087.87
71511.71
93203.41
87307.26
16087.97
86441.66
62561.9
4246.86
82613.87
48922.34
67691.70
74685.47
54861.55
51382.92
11708.47
59820.61
28199.6
69590.16
932.73
65738.98
92955.97
81778.52
53976.10
7827.76
97313.89
19941.40
17722.3
12040.1
51394.58
82322.84
16046.98
13243.13
49659.70
2741.11
77300.99
92095.36
80479.21
17020.18
65231.30
51616.14
28119.77
62902.20
32558.30
55827.26
96854.80
85519.33
69189.57
70539.58
27724.13
38706.43
6522.85
15761.32
98136.20
82961.67
16965.11
96468.15
85717.77
8508.81
22211.30
22700.38
59496.25
35185.55
77619.87
10758.10
84178.87
72851.34
37416.31
10906.20
19543.30
25786.32
69785.40
97677.39
23575.33
83326.53
74499.72
87158.33
83178.76
47377.43
3926.17
72519.51
63028.13
34326.38
26298.56
61768.62
59001.45
33857.12
82499.79
42045.68
85921.53
3392.62
9661.53
36107.77
56538.96
35923.58
78898.11
36054.61
72636.17
48005.51
44373.74
18017.46
33425.2
1178.79
62142.39
88508.26
7490.13
67337.39
64378.59
73236.76
42979.60
65926.29
63104.3
11138.84
74810.30
15481.44
77288.74
71910.27
1999.60
61965.50
20355.45
96843.23
60297.51
52637.48
39507.51
76081.65
25046.55
37615.10
84282.49
24987.2
93179.58
87184.79
87387.3
11546.40
30813.88
83030.99
52944.80
39501.96
43461.90
98409.41
91841.74
87525.59
63165.74
64004.94
60298.88
29504.70
25052.45
86912.60
30128.3
70757.16
97922.84
58996.23
27294.18
3856.17
20422.44
24398.28
97675.28
16190.65
69469.94
58178.89
99369.41
57078.48
99060.19
81450.29
10233.94
49023.76
46606.48
36922.32
41826.87
37948.54
10613.95
46273.98
21663.54
90348.66
39567.74
55974.32
32754.41
79916.26
18280.69
66646.27
32767.54
45405.94
7193.57
41973.66
5312.59
87230.50
52890.40
59966.20
11623.50
34909.41
74116.72
378.67
79455.8
81985.37
78728.5
88493.2
78799.90
46335.41
71387.40
94345.19
23774.96
37677.51
39130.82
55094.28
11178.47
52182.83
43680.82
54273.7
85181.12
64375.34
39535.58
62025.11
90507.30
11366.79
23185.75
56471.89
77449.18
52496.7
63236.81
33440.93
74637.58
2454.15
35763.67
66384.71
22057.23
2433.11
28729.60
17223.16
52537.15
84601.66
75046.77
1898.7
17931.96
40774.49
58355.38
93694.55
57512.5
96407.90
17921.69
28634.63
20861.43
44927.16
50105.80
36006.43
94665.42
92709.37
66566.37
47289.28
64199.97
22386.49
15216.71
74881.84
61448.73
94623.30
41220.86
32811.37
56019.45
98430.76
99704.63
60710.70
13785.47
46069.60
19787.86
84465.57
24641.97
75359.99
3750.88
40417.41
30980.63
13981.81
41304.48
39152.25
99959.66
58922.46
2836.18
28048.37
77377.47
93318.83
33747.5
87723.19
24327.16
73355.78
6824.64
12078.82
31973.31
18771.46
52839.87
2441.10
51853.41
77713.97
22587.2
91998.73
43978.38
48781.77
42820.38
37704.64
59520.43
85142.63
91552.29
7890.28
50019.63
87311.22
60908.38
10029.87
13999.3
334.72
24434.99
99343.95
80382.54
24585.5
37106.10
13168.50
2607.94
6855.52
62253.40
4040.4
99873.65
39886.31
58991.56
94457.81
59879.53
61242.32
84320.72
49149.63
91909.66
82295.25
39020.52
12658.10
83605.50
91682.7
54209.45
79588.10
60403.80
81709.45
74072.5
17490.16
41863.81
98591.78
68867.67
16016.31
86687.36
96471.58
22120.62
74012.26
86956.99
55570.14
1319.70
90749.23
58643.5
69860.85
46614.93
82142.41
20286.14
14261.37
53490.15
53123.87
75584.60
36304.93
34670.26
43875.3
97308.40
52256.90
53594.7
34498.61
70815.51
51753.34
22045.28
89186.97
92651.66
70139.51
64801.6
63725.6
36299.56
24660.69
47081.45
93948.36
15011.13
83063.80
30872.14
86041.61
94609.62
6506.89
10644.36
69697.33
27480.24
38723.56
78155.46
97828.14
96089.65
74343.21
68046.4
48866.19
26393.73
4851.83
19160.5
48582.19
72279.27
5759.23
32215.55
8202.15
16938.90
13902.35
54754.89
42179.97
50183.22
22604.59
83243.73
76354.10
2405.13
13767.94
28563.58
32330.74
22431.89
76922.52
57173.25
37855.22
38821.70
45396.16
2295.21
99761.68
12625.51
85026.60
88100.24
14634.42
13645.23
54154.5
81779.27
64461.99
75095.53
56745.53
40799.47
79121.43
26169.10
62788.30
88.28
15916.13
92790.95
43898.30
99361.71
18841.16
48570.9
86577.74
45845.12
10498.76
96586.45
71820.19
17197.32
33912.80
69177.75
18186.1
76093.76
2183.60
64263.51
70055.6
10780.97
99882.81
4401.97
57380.5
6490.81
28023.96
20278.11
88448.62
8723.27
50669.42
80520.66
18234.3
50418.68
86617.8
25483.88
83009.72
29410.15
94191.40
3469.14
58840.38
23661.2
36928.98
16519.80
83867.82
45504.43
5507.49
18867.81
83830.87
12681.2
54879.39
48901.8
37173.75
88484.28
71961.59
78236.1
52006.72
87336.59
95563.35
27383.6
9868.93
64153.63
26597.92
28432.4
18083.5
71062.19
15930.74
33269.75
99117.31
66084.18
30215.98
82843.61
99883.5
35822.45
92215.7
76589.88
36385.58
83074.47
39308.31
12039.67
90914.44
55398.7
31231.92
48313.63
46139.4
31638.10
48199.87
33506.58
40044.17
73237.60
41355.26
57832.77
35316.35
96362.9
85851.37
98863.30
52795.46
78658.90
10215.72
42008.33
49713.68
34614.68
96440.3
57424.91
82701.56
50341.54
2080.36
27650.95
26637.27
60674.68
17667.34
44954.80
28488.91
76234.39
7071.15
78263.8
83848.31
31463.67
34620.86
47208.3
91600.79
64029.33
57960.31
80990.76
38536.96
40918.21
75873.96
58484.45
51288.13
13917.22
98621.43
12498.78
31121.84
95452.43
54151.20
23517.4
26304.55
31879.33
81073.47
99807.68
10277.25
48945.22
27663.7
46873.99
1038.6
29525.9
27674.40
66586.70
13925.84
62293.16
45656.89
79059.14
17434.92
87009.35
23588.98
64584.34
33739.27
53280.17
8159.74
7153.59
33565.88
63358.49
25539.38
96609.42
6469.31
6163.16
69706.13
34149.51
30014.94
54306.16
31802.90
397.12
12911.9
71063.75
30906.5
54417.27
63208.10
93459.60
61784.25
4771.42
34004.10
75637.87
55786.12
7250.4
95477.26
27213.37
17915.89
50374.3
8921.45
44356.98
90780.24
78445.11
75565.49
3585.82
66290.59
40968.91
1465.91
95188.60
98617.27
40677.85
66983.97
86969.28
93189.58
15017.92
90154.17
61546.38
85485.97
50330.5
4752.69
98939.28
64241.92
71680.67
69912.89
75847.19
88090.46
42099.24
18831.69
9305.91
87487.79
21233.91
45747.90
17781.71
32528.62
91732.40
79863.82
95959.8
6188.40
45160.21
37920.85
65893.43
43025.73
63314.86
48006.60
9471.68
3326.31
21314.59
95604.44
23760.10
39123.75
27118.78
23250.58
90034.76
54193.59
49859.6
46224.59
88260.53
9913.2
30212.38
26363.78
78992.92
15461.74
38771.12
9476.69
73094.99
97415.20
83694.44
93352.79
85770.34
95578.1
35229.5
55745.84
55335.81
80826.5
21628.77
91839.72
90038.67
85852.95
78009.50
5676.71
63188.45
34640.80
1976.59
21439.99
49901.32
59301.50
80374.49
45491.86
92359.90
33995.39
54174.54
42496.30
36728.75
18015.92
35581.95
56916.43
15428.53
19432.66
17927.89
65902.11
42902.5
14647.33
10765.41
66506.26
35663.28
49886.8
17281.5
97069.46
1104.68
97442.43
71714.8
35303.67
3101.15
19142.31
70656.21
13436.40
15943.72
1303.74
16469.24
92186.94
91405.74
27300.3
42699.88
11621.1
16454.97
12616.62
1806.65
42175.14
39051.14
31803.44
76726.14
44333.38
8636.24
75030.24
64888.29
64097.95
39514.12
93808.62
20886.78
82315.16
56017.6
36447.57
39332.57
47337.35
93705.94
88688.30
99807.92
79608.52
81113.98
90819.21
2019.40
88184.61
91998.74
80808.69
9275.37
53399.99
72562.77
66071.40
60434.40
3786.7
7499.55
689.94
32916.10
93838.74
47616.90
85216.79
49602.32
35080.96
16575.47
32016.26
45663.10
83930.5
22680.85
26050.43
92658.65
80234.17
45489.64
94771.77
49503.77
21622.65
64306.70
72470.28
89416.54
2120.57
86285.29
89084.60
27611.68
58440.92
56476.59
50691.30
96306.35
70733.62
44702.14
57958.74
35470.29
27574.18
98438.31
83061.29
51812.93
14931.19
84432.66
44738.55
71463.98
97986.76
36352.1
61356.16
68154.51
77639.58
72934.65
35358.43
57109.12
70888.81
43488.78
3398.92
40497.93
74490.92
32285.21
44008.1
483.70
78760.12
17684.76
88235.10
82434.20
13474.61
31238.11
17225.4
45253.23
97925.3
82834.83
92474.90
75063.5
58567.34
22793.44
84505.46
92297.54
50794.15
47577.44
29499.75
93708.2
36338.98
68022.2
6956.70
1648.85
42597.75
4029.85
33395.69
15244.50
95655.61
32066.15
29575.59
65621.53
10897.23
66936.50
80060.2
79613.17
24503.40
34980.23
98582.91
20224.36
72684.95
3925.18
25637.15
27089.9
72608.63
26972.39
21423.86
1391.44
19476.54
74021.69
75429.61
21790.94
66150.22
60393.19
56133.30
23792.94
13262.19
31028.41
88073.7
78240.99
76664.61
24974.85
86482.76
22998.29
98934.11
15436.80
54193.42
98899.50
80776.22
58268.87
20191.49
71103.43
32531.3
93249.9
97584.43
34933.47
83316.57
76592.85
73166.78
18724.54
79403.30
72823.44
84738.5
36983.96
46727.34
78915.47
13813.85
98879.85
14077.75
99563.88
51957.63
21752.65
65444.43
29052.86
30046.20
77566.82
31437.88
61535.1
53027.26
93007.20
61783.44
33788.69
68687.56
82288.91
72748.22
97483.4
15741.84
5237.4
53341.80
13456.68
55263.32
89928.9
92306.63
4598.70
66864.37
57057.4
71235.64
33244.68
7246.29
40722.24
61357.67
47320.1
19741.99
45182.24
99667.62
30311.3
4906.37
34836.23
23197.89
73317.13
29242.74
40035.55
7889.54
19217.79
83034.74
10650.62
17994.18
55026.65
36239.71
75598.42
48299.50
27397.30
172.49
15904.93
36664.10
50320.8
84070.72
6768.28
52873.20
90470.64
33243.29
32399.23
36076.51
96486.16
4233.52
24045.77
95770.72
59605.44
36809.57
60430.66
68695.79
83178.28
34695.69
15515.75
46500.30
58313.60
95.22
30889.77
23157.64
86271.44
96015.30
37528.60
63392.23
39185.3
17506.88
17845.87
10778.3
8329.41
42106.15
88928.38
26713.81
50721.52
94293.62
99267.39
78424.8
11235.35
44811.20
92889.95
91707.94
3002.96
15993.17
60119.95
48558.76
73064.58
65499.26
3305.75
28850.37
99177.19
5376.30
12687.79
71089.68
89073.80
94571.96
4580.26
28210.88
22673.4
20714.10
15612.32
87602.64
78600.1
85947.90
61227.94
9069.92
29863.45
66444.17
8655.2
7592.21
32107.97
6290.51
56416.96
8524.87
92116.25
46897.40
64342.24
18866.42
4796.27
72306.9
20688.24
84295.18
13036.77
21092.47
59232.82
29636.66
21784.9
80187.80
26070.68
37131.78
86949.43
80226.20
169.64
24617.36
46500.84
9810.92
86127.28
35808.64
8826.28
98117.52
96486.34
56947.78
67442.18
97313.73
49685.17
3458.32
14322.41
64103.87
18200.43
10383.16
1520.13
54640.12
35283.59
36428.44
88794.66
82611.97
39571.30
1161.75
94689.36
94429.27
76018.9
99438.68
49660.7
74450.31
85992.31
53386.50
94446.81
51010.99
14602.33
96650.94
59408.38
58380.79
57890.33
28790.50
12383.12
11510.1
10339.93
40983.14
88223.2
7617.29
29246.27
27270.47
57671.75
41665.35
66872.96
49755.14
14013.70
35558.94
33273.5
19008.51
90401.69
74371.14
76305.25
50600.86
13860.44
79547.52
33010.98
86387.93
93060.87
82772.5
87913.81
80771.70
11084.56
42296.93
20477.11
35803.1
75115.28
2355.75
86373.38
14863.20
58301.89
76763.15
98025.90
81488.52
61462.11
17686.1
39608.11
86584.98
70244.81
84541.75
54956.10
28961.10
32624.5
22021.67
50610.31
572.24
88283.41
65688.19
43962.67
34174.20
11797.95
24166.54
25382.69
43613.38
82291.13
13065.34
80619.55
77728.26
79510.53
27749.22
54975.60
4089.22
88900.17
94050.42
36097.97
80570.73
64161.24
84084.75
36967.26
77458.32
56725.54
82676.31
72938.91
49313.96
82210.62
80334.53
33039.78
28070.8
56453.13
22932.16
24336.69
23453.89
93127.89
10135.24
42850.2
43253.41
40300.24
20719.98
80952.35
23658.49
11951.83
91761.53
7489.22
70053.22
91711.87
97957.42
85596.50
2939.22
81820.90
71846.41
30616.70
30841.16
82636.8
61189.62
52803.92
39431.16
13907.71
61473.69
6928.77
69986.85
2113.83
87956.93
83086.15
88139.9
24903.88
2289.30
4121.76
35027.62
14440.17
49649.42
95619.12
5038.52
60528.57
96131.1
41392.74
75020.63
45684.66
38698.90
60257.31
71620.72
97592.72
91244.85
66793.9
46628.47
76098.69
48426.26
46713.43
28316.80
19481.70
46397.39
28884.47
89722.99
93543.58
4964.37
48140.99
92090.90
31408.51
83998.19
19682.47
71748.52
93030.79
71645.66
80654.53
34712.42
50462.79
5202.43
86769.64
56733.77
4594.28
98075.70
76521.31
15425.77
57294.69
23229.37
72660.57
54629.90
91450.31
1071.19
67782.93
16137.83
54855.49
93605.88
87493.43
91985.46
2879.38
75983.80
26141.53
8274.80
65905.21
82669.89
73284.2
91044.66
71613.70
76103.91
75130.81
99032.8
57009.38
10676.1
79118.74
58762.35
88022.21
19297.81
47329.70
69376.8
40661.46
15632.88
590.52
48114.62
56153.29
88645.45
2075.84
79410.88
1210.14
80979.81
58037.37
90205.51
99903.65
34951.31
18239.74
51584.29
86317.93
30661.89
59402.63
53105.46
9814.16
60010.11
90815.37
75260.44
90264.47
55393.83
89764.88
24853.94
73126.25
6562.48
96617.72
19183.16
68792.96
68142.91
25307.43
95864.47
43452.26
36579.74
90859.53
8042.63
15311.42
33909.59
4746.33
67390.20
27893.25
87752.60
59674.47
23302.34
27841.59
24923.98
56867.52
83914.25
82131.95
91916.62
24783.18
25050.84
16538.67
67355.24
27933.12
86167.20
1183.4
87392.43
91614.76
9933.26
54807.47
85597.54
68883.79
35120.46
70138.37
5590.39
45837.50
3479.50
14468.70
64776.65
7202.95
98201.60
60963.77
43177.59
53830.95
10870.31
26979.25
97132.11
13035.81
10549.47
10642.85
18809.47
13578.81
2066.77
72336.82
7586.76
45887.92
18401.56
90869.23
61049.82
29782.69
38880.18
48331.97
71361.15
95945.20
70302.19
22537.32
87455.51
21573.77
5568.20
18050.72
30247.28
198.33
67074.54
25940.12
35254.35
40273.23
4848.79
53292.28
78799.31
36808.57
1308.15
42542.41
1333.54
18951.99
26735.79
14837.44
66877.17
71230.98
99383.88
47692.12
56337.55
27929.6
47033.47
4086.36
1000.60
48086.80
47178.38
43256.87
22808.65
45328.30
46740.48
22405.56
96319.42
3868.55
91618.37
10800.78
78547.23
17890.63
51835.13
87795.32
99019.59
87226.92
94747.38
3834.36
66970.93
58429.31
33191.12
20562.28
11984.75
72850.42
46517.17
48062.87
39799.37
66839.17
54485.41
87103.8
94878.57
3924.68
95328.29
57255.78
63271.26
70651.47
67273.56
62330.16
46174.76
47456.5
20930.57
66861.67
76826.57
19613.67
31429.80
21183.92
75188.99
98269.28
65421.18
52180.53
66343.53
8361.57
37555.29
15068.80
14800.87
52106.51
25941.92
33290.13
66145.5
68587.70
33697.11
9429.43
75857.93
65420.59
49070.34
26210.95
63527.49
49566.2
6310.60
95317.49
2451.68
32602.22
81667.81
31528.88
50724.12
43786.46
30451.74
2141.39
24397.45
54655.48
77775.21
90986.76
37053.25
1053.98
96455.87
14789.25
59809.57
20682.41
36031.94
1588.10
40507.73
84478.61
72074.56
51580.44
62726.65
71450.18
20366.79
49512.83
71903.57
6210.79
75524.88
95483.25
70020.44
85285.32
58667.27
73517.38
90777.62
9036.96
5625.78
13273.72
18707.6
67404.38
47213.35
63297.17
62381.22
20824.21
80229.47
23156.76
31215.94
78757.54
933.68
50438.90
59543.7
21192.71
69778.55
7526.57
37297.74
42723.92
51895.99
79905.51
56269.77
75352.93
97684.3
33405.57
99155.2
78700.62
64169.65
59799.22
8509.77
82584.35
71732.39
3995.11
39992.33
38082.14
27223.12
19120.36
84963.44
65003.70
38400.26
10454.87
75589.69
22215.47
46483.43
70696.21
49535.4
76527.49
25540.38
54813.35
44765.39
69766.43
31794.15
33532.98
28245.86
27808.64
54061.97
6964.21
97127.9
25210.25
39968.42
88827.65
35869.94
14958.52
92885.25
80051.41
340.26
93330.22
94275.50
9052.50
60974.55
88750.34
28518.15
34934.36
52084.4
4860.68
77903.51
33878.83
68419.74
58699.77
40957.91
4185.33
48207.30
86757.6
64230.27
48091.52
33350.52
97872.97
68228.37
7913.42
92803.84
1131.26
49687.2
56564.33
3796.6
10613.99
99138.51
23157.7
34483.12
41388.19
45993.84
12092.72
17951.33
63853.78
60882.93
24065.94
43143.27
56237.96
64584.54
1019.56
60028.11
30493.61
97551.49
41420.36
12574.68
13160.64
76999.94
70255.88
21922.96
53058.85
85573.66
48487.77
90134.33
12538.34
29967.36
44302.74
44581.86
33761.88
87904.44
77526.2
89648.76
95027.15
321.43
85744.48
82682.58
98002.65
99567.56
64550.80
79069.77
91292.72
95114.96
42100.53
28731.74
89654.35
57040.50
79275.97
50789.75
10952.92
21447.10
98250.64
44382.21
48556.36
81896.58
6638.80
26840.15
64944.80
70363.7
844.59
39389.5
88716.74
21849.96
83240.91
7548.42
3611.51
26911.41
68224.87
98475.85
37677.35
89002.40
78202.63
95005.16
83962.78
59691.78
68273.11
82366.54
42580.99
92465.92
75946.37
48557.11
57093.62
13165.75
57094.8
84048.68
26901.32
35600.2
86256.64
71800.42
75186.40
83744.17
10269.94
1306.64
82889.72
71606.39
37701.71
47635.29
53843.80
99156.75
52509.47
4013.42
74678.9
84285.47
68492.75
8039.1
78721.72
64643.47
74440.69
91528.97
80712.55
77643.15
56241.54
99079.1
41966.83
70795.51
59747.35
59921.82
35786.65
52680.39
52919.66
92297.77
92846.3
10846.99
82767.74
35684.79
96692.35
88615.64
32061.84
11635.46
3322.26
25452.52
39140.82
59801.56
94608.73
4128.12
30130.26
93663.57
92718.50
70969.40
10584.72
62504.57
13951.52
78747.2
15275.69
83990.44
75029.38
42847.62
23445.65
96197.56
15228.5
80191.4
27396.25
4078.80
80407.1
91648.77
83870.53
29881.59
56254.20
24803.67
70607.53
84264.33
79196.46
6572.83
30719.26
57440.27
70668.30
83246.49
50379.19
38406.80
57600.32
31814.60
62235.9
55548.5
84120.30
7153.53
42902.70
11097.21
44985.34
18570.36
20616.39
78196.13
36618.90
1973.89
17449.36
76513.93
26774.29
38291.79
67513.62
17023.4
71614.45
60950.59
78766.5
17770.63
42172.15
70142.76
33255.5
43387.13
34825.40
55750.20
90786.5
99192.2
99791.64
48317.71
32378.11
7089.32
91239.64
33871.50
77979.81
72746.43
40759.13
24074.75
90326.67
5866.35
1629.78
69199.13
61042.59
88091.94
363.96
28113.78
16447.70
67736.79
57887.89
83006.42
22768.71
78874.31
38710.88
96073.35
58865.54
22661.4
26944.47
34449.80
60976.5
50717.92
57116.66
91275.24
57401.32
98944.12
6474.46
5009.5
57836.4
21176.95
34168.48
94585.63
19653.67
53794.32
63379.20
41135.43
96191.27
64832.67
32888.89
28062.30
42956.95
647.38
97698.43
35058.99
58761.55
70238.13
72597.64
59240.78
6988.39
2792.99
30767.89
84716.83
8368.23
49837.37
51264.34
2768.91
35434.1
16000.15
68589.9
69747.25
18696.46
19710.8
63794.47
61158.34
51039.87
69323.52
1992.95
49352.22
24793.43
26115.40
64089.53
86976.83
87827.55
67910.73
12909.47
73544.25
85017.95
68121.27
8674.67
27290.11
48833.27
5843.85
81208.97
81604.12
34767.15
83431.25
30811.21
92136.5
40298.33
44324.28
3229.15
27331.26
21875.55
5031.83
85817.25
56180.29
31394.84
69330.93
40611.31
92517.31
21872.16
46051.79
96344.66
24742.20
81975.10
71222.30
59732.87
1468.11
83446.62
11934.37
52258.34
70214.3
14969.32
84794.11
75514.57
59566.54
15449.80
46676.49
14114.88
44619.89
39200.88
76365.68
78005.29
72977.36
9329.42
11510.17
78683.71
27341.48
88871.83
89747.99
90172.80
84171.66
56353.91
94727.26
98280.61
5879.62
79751.62
54424.12
45054.36
82577.91
92755.84
79212.93
57598.54
57734.73
11932.88
33092.90
7272.4
78084.54
90058.27
27497.76
21900.81
46508.52
42574.82
63085.92
44748.4
69968.47
11263.22
53960.16
86408.11
54817.49
35330.63
85300.62
52377.12
9623.31
75387.88
7307.34
21632.42
71927.18
2430.94
72836.97
30443.24
53919.37
89462.37
66774.98
52452.69
98350.82
13582.15
79733.37
15438.4
24711.42
84051.16
84517.88
72081.1
51341.88
92390.25
40564.45
85481.41
33082.31
37623.24
36783.1
87979.54
15273.82
99820.61
77044.10
78609.93
8541.12
78690.84
45086.43
36350.74
91054.54
26532.90
92989.89
13883.24
26777.11
33069.86
7848.24
49265.23
53438.72
18127.75
16017.34
99504.87
65497.34
87761.6
34686.54
61682.83
53734.21
15295.89
28618.34
94539.42
5275.30
35880.34
99067.71
55560.63
27821.24
37033.93
2585.14
57590.30
71515.29
96443.18
88622.70
16140.16
45442.59
92882.91
85452.3
51726.25
38474.23
48910.85
57443.23
35617.43
26750.58
22044.31
68636.22
6095.97
12421.15
99149.69
12001.15
53998.61
39723.12
93070.96
37450.46
55876.6
71222.94
51909.14
36844.53
7617.4
69548.25
54564.39
26504.3
3123.47
65796.82
58178.74
18926.57
45956.21
71132.21
63600.45
81388.86
8469.32
26845.44
28473.76
43553.50
63514.68
58638.16
2360.54
57455.55
6565.5
85186.41
24399.98
51317.61
25104.3
97885.71
5235.67
93568.86
80455.3
1825.72
65019.94
15280.65
87059.82
95189.62
93443.52
67056.50
50950.84
90334.81
70837.69
32670.65
18071.27
63456.84
47883.97
53052.32
85182.17
11809.27
90194.70
84058.70
44879.75
27369.44
71485.45
80911.24
50261.42
44113.48
10246.5
17869.42
33059.60
44692.64
24978.44
47420.62
55468.27
48469.31
69127.21
98603.24
55858.26
41034.42
95092.64
96365.44
44002.73
48545.34
81643.62
16919.90
73214.99
38398.55
21282.89
3550.53
94971.43
44636.98
78116.19
18411.50
53076.82
51439.93
51228.21
56231.3
31165.9
43885.8
77238.4
12980.40
54900.60
18308.79
29867.83
26946.68
59517.27
49879.17
99048.55
59253.70
56337.63
82471.29
97306.95
74231.80
90195.43
17697.62
46637.63
42190.36
51034.77
94716.52
39903.52
53657.49
65800.98
91363.86
2390.58
97479.57
44381.19
62167.48
37214.84
80791.53
12125.94
75269.9
36141.66
97860.96
43117.28
31.42
73167.71
39274.79
68686.48
79730.13
6771.1
32197.51
40202.75
71570.79
62261.13
63851.61
37628.86
4137.27
76751.99
54753.20
29715.8
97486.45
39054.3
51860.70
63519.31
97613.49
91859.25
83975.26
50200.6
12642.98
51101.1
8568.26
47731.21
18072.42
4261.9
60415.24
60437.61
20990.82
80728.19
99018.38
26457.6
68427.59
66335.91
11776.87
604.66
23154.4
13822.96
10408.73
77650.66
78978.42
27834.50
8338.53
91423.51
97855.30
11234.64
79224.68
43522.32
75791.60
86753.58
34841.85
84623.72
58352.9
4647.23
2333.11
21313.57
97182.91
21013.34
10251.15
30038.31
92458.49
80988.62
25846.5
3767.71
76658.77
13119.15
34123.33
86012.32
51409.92
38288.46
45002.29
30940.70
4115.99
90190.85
96750.34
66987.32
31701.26
16274.97
58165.19
98508.28
71002.58
24989.1
91769.39
16131.73
71788.71
10199.6
63396.87
38270.21
64679.76
13028.93
65777.3
52549.23
56845.30
31602.6
58644.32
53457.81
73355.37
6166.56
64653.83
74513.47
65323.71
90824.80
79762.76
25192.79
95316.80
62821.12
88464.62
8499.61
64510.98
55867.83
68317.24
87283.7
68874.71
8049.39
39386.46
30550.77
93594.91
85096.57
29365.9
19500.20
73754.63
20759.93
94481.72
64336.27
19323.39
85757.95
19366.13
49843.86
97465.4
3531.36
17271.40
50235.79
91783.69
28525.73
79761.99
16006.45
23726.57
70530.79
39988.24
88841.22
15558.23
76875.18
59672.74
24115.49
522.22
46542.12
54062.84
2639.49
48943.95
15312.85
29807.6
6405.27
54728.2
36878.57
2313.73
29347.8
15273.24
30288.53
83577.56
86042.71
84783.64
67497.43
59313.58
29886.9
88289.33
10398.11
6523.86
34686.40
8053.63
66831.9
37186.27
57383.29
75941.29
202.50
52895.42
33648.50
98320.76
79169.57
70420.76
10098.44
74324.11
19255.27
20008.90
41964.48
83482.90
65680.87
22254.89
75771.81
28726.5
71233.53
69216.68
6978.91
95478.92
65673.11
38723.58
41811.86
35626.62
47160.49
61582.46
14873.20
91487.22
74757.2
94040.76
38532.58
52027.69
1372.4
29449.77
32573.12
44928.73
68384.78
65752.77
57057.93
61608.59
10953.33
59008.21
20874.26
52165.75
3038.41
49855.86
48557.55
25177.32
95387.28
61395.13
50666.93
60022.82
61313.85
28259.99
43263.59
33079.52
20622.44
45490.22
60043.52
14656.70
86679.32
16109.69
52323.54
21764.50
51206.49
58113.57
63355.30
89504.57
50708.95
70693.24
56957.58
18146.99
69686.22
10064.16
86305.1
19628.24
44289.34
13988.26
63753.88
70068.99
63005.94
942.97
10169.80
33480.16
473.18
75007.99
97352.32
52011.39
14189.12
15205.67
47835.62
55572.94
20501.26
77770.71
43095.68
47431.24
70925.45
50604.58
1150.15
9403.72
630.75
73533.86
77800.51
95333.97
75341.66
85979.3
6034.73
20766.18
372.21
26915.83
7595.8
22009.48
60916.84
43270.71
71976.44
39534.2
61811.49
63886.86
84238.96
94622.60
36106.73
57798.65
23441.4
76318.44
60248.60
87218.12
57239.59
301.67
20962.38
12168.19
1573.49
36415.30
26993.6
37633.86
37402.10
10215.62
98541.11
59116.20
22787.10
52637.2
61938.59
74213.5
6010.9
28538.64
97547.81
15233.51
15791.68
81076.92
88456.64
91713.32
444.59
12990.61
27897.30
24966.60
59522.31
6756.94
81061.16
48015.48
44661.54
62905.12
88112.35
2987.69
54170.31
85884.59
53640.39
91759.30
21070.14
70028.44
52189.52
67986.54
19813.78
21363.46
17452.69
52871.81
35868.26
92713.63
63059.35
82792.45
67472.17
75741.24
81089.56
61557.44
55841.57
6731.87
66148.35
43951.21
76556.65
83227.66
81659.64
64769.20
87767.56
87.76
98845.85
53253.36
47658.56
78391.18
50514.15
34290.57
74557.77
23756.36
86.16
27928.80
55923.18
7207.48
36018.28
43058.39
27262.16
86688.91
14188.55
9498.82
50545.91
55548.51
78169.27
2936.60
73099.79
78120.83
27271.73
11712.8
5363.51
34813.28
13404.36
34669.7
51320.59
49980.22
13397.55
35444.23
96295.40
89306.94
90544.47
68473.63
39045.55
22532.20
86886.81
73202.22
95758.56
85369.87
45402.45
83868.6
76857.68
89494.9
805.41
19082.37
46737.59
57455.66
35159.69
55313.81
21348.8
30010.10
65893.18
47007.86
1763.44
20341.61
60684.1
65656.87
52323.88
71523.52
43741.2
37879.6
64730.13
91621.60
26135.9
26150.88
14572.19
41374.64
54037.79
75328.92
24357.45
47198.37
88861.55
45875.49
97893.39
31850.65
9119.86
31479.20
67147.56
96950.18
64203.97
83005.19
98871.70
17816.88
57170.19
61057.90
54042.97
83922.40
8710.19
15128.65
89988.43
58578.58
25577.72
12391.4
69810.70
49813.98
61559.28
18512.97
77793.62
66255.83
27780.40
27227.66
49541.5
60787.87
58332.1
29393.52
2402.75
28479.86
75227.16
99578.57
19415.45
17335.86
34295.99
93922.19
24196.50
88538.54
51852.24
45325.21
60235.16
35980.44
52601.38
54559.70
28629.80
42212.72
80952.28
33522.55
49828.86
34656.72
44327.76
88576.42
29332.23
61430.36
19665.79
88696.8
16171.97
32301.94
62415.63
21474.29
29188.64
90538.43
74872.54
1319.25
6159.36
82646.85
47883.16
10180.95
17262.18
16916.83
23225.43
69974.69
3433.77
72473.54
78313.20
47923.86
54467.87
89830.81
70163.16
40426.10
78321.70
26689.92
46142.90
56392.91
67981.58
40095.98
13483.80
67455.97
45448.31
57794.87
62425.61
64670.45
39423.15
64340.5
40385.72
8823.14
97879.34
12167.15
91819.94
63491.31
66159.13
48051.28
3030.91
32229.65
59218.38
85406.27
32730.7
36929.49
62176.15
55703.68
80760.72
68076.67
17171.72
55276.14
2211.67
96183.45
86749.7
38360.59
43571.80
80020.36
83040.59
49513.17
94938.55
84727.45
89836.82
19438.99
73239.22
35366.7
35732.4
30144.84
19938.53
86810.20
39958.67
72336.90
91067.12
91927.1
69231.39
49970.64
58764.43
95616.20
46115.60
82178.67
79252.59
52683.14
42831.22
81837.90
34019.11
49429.16
17260.29
81025.64
79666.88
49707.59
46203.67
9973.2
88319.74
13815.19
95238.22
74071.8
57790.69
69266.54
54870.24
44729.52
81237.62
95887.83
87682.14
98258.87
16659.33
82188.66
98174.23
76064.75
26070.51
96631.70
24917.98
41221.92
50257.42
6602.51
1910.14
2997.90
80313.91
17858.63
18435.41
57276.41
3848.77
66873.69
30237.10
49901.32
68540.92
20645.93
64731.65
98316.81
66269.43
26083.17
6308.64
50969.66
52.44
23045.38
93615.5
3489.88
8574.3
8510.75
87751.80
92419.88
84397.91
97139.71
63189.9
9915.92
51965.81
44064.54
91756.44
39613.87
27638.94
72959.67
75833.79
23929.33
77066.92
23779.31
73048.75
76381.99
14161.67
11345.84
15975.38
24703.56
8546.86
7783.49
13227.1
6497.24
7395.30
39312.70
40271.79
84639.65
72904.54
18503.83
77533.42
83977.77
67032.99
10088.89
42533.79
60433.46
24028.96
136.91
73686.81
79862.85
26857.90
86609.79
79249.61
9690.7
25785.97
96431.37
83318.34
96034.6
81245.11
18869.40
87706.4
14739.58
76474.5
93434.64
7373.26
59171.89
65194.24
31792.27
85572.65
44470.7
13679.55
87565.1
24790.93
21090.54
78066.10
30651.26
26936.42
90756.37
59092.26
78083.31
50058.59
14334.23
10601.78
1333.32
26186.2
98595.3
63707.37
35858.46
49464.69
60002.7
13832.51
12317.37
70774.88
78772.28
18381.17
9066.64
11038.7
2225.31
12509.36
25209.39
96783.74
76522.49
4989.12
59158.96
80146.14
71749.36
8590.85
43914.58
85847.94
99746.68
27056.26
67992.16
91838.21
24200.37
61368.5
53430.16
7762.50
69931.14
90749.32
16456.64
50991.94
81267.62
48895.72
56365.77
59796.48
52340.63
40565.44
53630.73
86899.79
5352.70
31590.3
69722.59
77695.4
75510.81
29720.23
33940.13
79135.51
55771.91
74002.37
16849.93
62080.6
33382.45
73533.9
8017.67
45840.6
84299.81
79297.59
29787.6
84380.53
4830.35
98319.25
82874.45
28229.3
35635.8
2439.33
28696.52
92606.46
41935.68
10674.73
98968.71
12535.11
29392.94
83804.26
83889.13
19842.29
89240.56
77548.49
54382.52
62571.69
57560.98
48002.91
19531.43
81923.99
97852.40
12219.35
81531.76
82136.31
51769.18
38434.41
19100.26
81786.24
32352.29
17583.22
99459.26
88916.41
18764.62
77862.34
70696.61
58218.5
25120.20
54189.33
92858.28
29251.31
40932.20
68006.85
75326.23
4786.59
60618.23
89935.51
58901.19
52202.92
97930.16
65243.7
73457.76
63883.41
2325.70
65830.76
47314.8
76087.7
30383.20
50658.41
67526.35
29222.57
51965.23
599.99
58689.2
79266.74
52462.64
1731.72
62894.29
22319.48
44225.1
20085.27
64491.4
4963.41
9463.15
33513.68
23891.86
69757.37
7354.27
60299.91
23275.4
11305.74
17717.38
38436.10
36933.95
4556.90
45202.20
21389.9
87122.2
90224.79
30780.57
38330.66
71430.96
10913.10
87115.31
95742.64
79745.62
10955.38
87144.76
72657.51
43324.37
57278.18
25489.70
36424.80
872.19
79926.2
12476.9
73465.24
79668.47
41082.97
6123.38
48128.3
2460.12
7288.46
39475.90
28199.49
50306.35
80843.93
1804.61
11560.56
82370.31
69835.80
62209.93
78420.89
72121.76
52202.31
62405.70
78450.58
21753.75
69095.50
42018.68
62149.24
69074.5
62096.23
31659.96
87790.54
90872.22
59430.95
17205.74
26050.43
52010.52
28596.8
23162.54
30339.30
85800.93
12837.94
69116.30
31554.36
74333.23
86600.31
52906.84
8826.88
78213.8
15021.6
43620.25
19390.26
93915.38
85998.72
17259.18
42462.5
22624.21
41906.25
5228.32
41251.9
44415.61
22462.35
49172.55
93168.45
54277.44
62299.39
61949.90
61915.17
30170.98
89201.38
14116.90
50148.50
84979.99
82255.3
49743.16
12788.31
47703.89
72451.42
2702.4
96558.72
96860.37
39538.6
46971.97
82026.76
98373.16
57582.47
44888.61
76118.50
62227.51
44814.82
79796.75
8327.84
90924.31
89847.66
87346.94
56798.52
55141.40
7805.45
54612.95
95903.53
81969.33
81279.4
8307.66
42000.42
58098.99
90285.10
6344.27
87721.78
37026.20
76904.12
72149.79
15068.55
84893.12
92327.18
36205.9
30783.88
66266.19
36915.70
57731.3
87874.98
1561.62
90468.10
58435.71
63200.88
30417.46
36174.92
84683.10
18642.14
45687.89
9416.92
39395.51
97257.37
31569.73
89567.47
48702.25
1528.41
48130.24
85708.21
86697.11
61731.87
46600.60
21428.98
20001.62
76343.27
36307.20
8943.38
39337.70
95544.53
42998.58
82641.13
892.8
67733.20
74382.75
22739.21
91806.55
38414.64
34157.32
84376.81
2426.54
84668.4
81204.38
18529.18
61854.97
79434.60
48301.4
4506.1
4420.96
12041.74
53437.71
81509.99
15154.5
93800.10
55132.84
60486.42
45166.39
65792.6
6010.79
34217.33
63830.58
6387.33
42645.68
71186.68
97186.65
43676.55
69628.51
41073.39
75679.44
9402.52
43262.95
20624.60
60131.67
3701.91
58331.58
236.17
61096.97
56605.85
58688.49
27193.29
26813.35
95544.88
12993.5
25065.2
2316.31
31747.9
35342.44
75527.69
84495.20
65510.26
10356.24
54565.42
66269.87
59025.82
42821.12
36384.85
41708.52
33179.36
87670.67
37905.68
66244.36
6770.54
72077.77
82456.4
44849.74
64894.92
73614.19
13078.28
27493.25
2644.59
42516.40
19201.83
93353.58
57638.28
73844.43
3961.52
19508.42
18255.21
40689.46
17579.1
64318.51
25986.1
36609.60
18597.48
55706.51
10852.72
6420.20
1535.10
43771.12
78308.39
95508.27
94901.62
42427.12
4232.72
2271.89
65250.86
10277.23
88927.12
95488.47
93636.96
40472.35
3576.86
97220.32
48031.99
85378.56
87798.45
96943.33
58750.18
22797.24
35616.43
81801.60
68112.94
25080.44
71198.90
52536.77
85880.14
90082.25
13663.20
28456.74
7840.70
76860.61
95917.23
69910.3
20382.89
95127.49
4794.55
24510.26
62868.78
68104.73
45775.85
40239.42
35117.43
48597.97
18766.5
24323.93
61592.21
23259.15
68102.49
21182.37
62715.79
16290.87
90281.69
6969.89
63433.81
2959.91
51103.9
19181.52
24176.59
4851.52
90597.33
67813.84
56303.14
18413.65
45316.89
9412.72
16196.9
37702.94
52011.3
77777.57
78125.23
9293.81
23215.98
1021.29
59913.29
41570.11
9153.6
64501.81
51198.43
71400.64
3312.52
59539.86
60738.95
749.77
23476.53
71090.11
94571.99
19457.48
22108.56
16967.45
48195.85
50205.98
7585.14
24267.4
97893.95
65786.45
4624.69
84048.45
42482.18
7080.55
95065.18
44810.70
43373.29
1211.49
86716.3
86254.34
34841.52
5012.74
26664.20
88122.65
24058.98
7779.17
62329.27
57245.87
71456.16
80170.76
53581.38
82897.55
51895.63
55081.30
95725.71
39116.57
7471.14
30376.22
98067.63
22193.44
38953.67
22076.6
54136.3
52507.52
77956.87
27482.19
90932.46
84993.49
48674.17
19150.14
19660.17
61490.4
85355.51
9305.11
10597.47
15202.67
27747.31
50857.98
93259.16
60997.8
57128.10
63693.10
83645.21
26618.8
96419.71
61720.12
29673.38
10581.58
17991.84
46415.22
95045.83
62515.24
95349.99
10285.50
64761.52
92981.12
1365.53
42311.87
43440.77
30276.73
46498.42
62081.1
3976.54
3558.75
59293.52
81344.18
67958.24
41060.97
77193.79
72147.78
63222.7
47236.5
55729.90
2450.13
79460.16
61546.57
88997.12
43303.96
60670.58
19496.41
76318.34
11193.58
13800.6
11442.19
20477.12
81243.4
26550.76
38412.11
65004.35
94106.13
43064.27
26884.33
73373.76
97295.18
50075.87
77095.87
55841.82
60360.79
86094.70
39269.34
81963.24
71024.30
37557.89
68727.98
91179.57
75558.51
27679.77
60350.50
8051.13
90325.55
16087.1
36305.38
59813.30
96867.14
20572.59
5720.20
26577.47
83176.96
84260.28
65237.91
22937.3
44181.21
56908.80
97882.66
19921.58
25547.5
57561.71
11205.58
45779.91
6994.14
59965.97
72779.64
46260.52
99336.61
37956.59
88097.20
48230.36
5496.58
67345.11
17535.72
91710.67
9492.86
68960.96
79099.15
26154.17
47013.75
46817.48
94903.97
91285.15
93429.97
8707.42
28333.54
64455.82
40468.6
42319.74
59501.17
35627.17
76374.62
33060.81
95313.11
19586.55
41580.23
27120.85
32389.85
42707.49
27312.69
92099.92
16141.99
41556.97
27860.36
51272.85
32682.87
76027.42
27543.99
17326.84
87575.28
27339.3
5140.27
3215.74
41854.80
97202.94
17115.91
24322.41
84883.16
20246.41
28421.25
25584.14
1491.48
71175.44
94395.89
32211.13
88892.37
59767.24
96749.91
77805.33
52970.40
49489.25
21629.19
29814.84
70533.1
26975.32
28418.73
87719.2
74939.99
60269.97
24974.35
4974.99
39165.8
28462.90
5877.60
44874.36
97759.96
53865.19
6944.29
65427.95
44910.63
72340.54
52146.37
13813.62
32310.60
86201.77
28656.51
19298.35
68808.39
1355.67
3910.9
65879.11
85176.77
70499.51
65672.89
21962.99
73802.42
74736.9
8812.51
81825.49
20087.9
1181.89
98098.11
19818.19
23344.73
7376.32
5671.14
51353.1
20288.47
65747.67
48265.29
12172.34
24970.99
75270.4
27734.29
38356.56
71263.76
69823.34
29719.59
44348.97
21546.98
29143.99
83750.97
52734.67
56387.65
66151.84
33348.67
48886.56
84840.21
97897.59
14193.2
93255.75
7508.24
36318.54
79958.15
65636.17
41488.92
32511.82
81995.70
94202.72
62362.96
98094.89
87779.17
56362.80
46252.48
87907.31
79920.52
10445.85
54741.75
17845.47
17865.84
69920.5
61424.29
87286.36
57960.19
28259.51
68790.93
48315.60
58006.87
5592.61
8285.17
70375.1
90947.6
97760.27
50894.21
3618.4
75102.93
30046.7
86330.27
85972.74
53154.34
22449.43
75463.37
92608.71
85297.42
73930.90
9678.12
57573.46
30428.14
71998.51
67853.46
57733.41
54026.45
18826.91
6442.67
18749.28
50358.12
64557.51
33542.31
39758.69
17182.97
83516.93
17827.22
14198.18
919.6
51796.22
88197.32
8995.64
17598.54
48783.3
62355.22
35424.30
81652.68
22095.35
43255.45
82025.76
25210.58
36768.3
263.73
65539.85
10185.49
81450.87
23102.35
27890.90
47265.31
69751.73
95961.26
24991.27
66016.57
89124.99
93205.83
28262.42
88834.34
22473.83
11704.88
29931.80
43287.38
30962.13
99940.26
33368.20
60544.43
7739.66
57090.68
33225.35
48444.45
66532.74
1276.11
5145.54
68192.10
32696.19
162.91
67753.4
80376.62
84956.15
43571.23
20451.51
81202.63
28723.93
83405.50
59023.43
31772.85
92831.40
16038.38
32654.99
74197.89
9973.8
59135.52
62099.97
14032.54
99450.81
98288.51
823.68
38930.38
51554.59
53418.59
36539.52
51793.10
59551.4
10028.6
40403.49
54983.44
75661.79
60215.92
83053.10
43289.2
45846.25
71491.47
31439.48
51083.86
11054.3
55603.81
71608.40
53302.35
26892.11
19879.74
36738.38
84700.14
66714.15
73675.70
21648.16
15428.66
8616.31
47531.84
25683.37
96738.38
49108.53
39927.96
72766.5
33023.55
10526.59
7218.18
19822.81
8529.24
35060.26
11819.15
50096.86
71822.16
74117.34
90662.4
2961.57
38055.19
11353.80
14900.67
62479.16
57255.89
49154.2
74506.32
8828.58
84151.37
24721.95
57522.55
45567.30
66499.69
96659.68
39100.3
61228.21
25696.79
78631.80
70531.27
32114.57
23373.16
94494.58
69758.87
41517.80
54229.80
9646.92
53932.11
17229.67
71757.85
12564.67
29884.79
77166.65
57149.24
24539.14
41415.27
46144.34
6235.21
32307.35
55257.15
42229.17
52164.38
40790.3
83465.74
33065.7
76713.9
98171.88
13613.49
24701.91
76516.90
23940.1
96404.65
63015.75
87582.41
70257.94
64137.33
17200.18
96935.2
70030.14
90819.65
14618.89
46405.24
47436.54
52005.46
39765.27
12363.85
38497.99
35883.52
48514.60
8450.66
91199.49
36589.44
36654.60
88481.38
76222.62
15356.41
65563.99
53093.56
40039.40
83551.89
17566.2
28329.39
80764.77
54508.66
64645.90
88243.86
98067.30
40268.60
28411.19
38479.26
2785.40
40994.45
43535.48
32447.63
48283.56
84572.37
88977.45
79599.20
67983.92
80913.28
35177.27
16850.11
29869.72
59263.19
52402.60
20377.53
86636.94
38672.45
39358.76
39415.10
90146.87
27838.60
21.41
54684.95
58871.73
43724.21
59893.85
83971.29
59415.23
90344.54
83261.62
50892.89
3912.59
3112.96
20870.89
71824.2
67348.61
70873.83
18102.29
18605.5
23078.69
32610.78
35070.54
78975.77
50770.51
91144.87
8549.2
72550.16
45530.50
38960.4
52918.23
89230.69
47309.99
66846.37
56224.60
89235.38
35741.63
78195.70
36222.59
11854.20
42095.73
84541.32
52325.72
94111.8
46311.33
36755.89
79229.10
48439.78
55261.67
12296.63
68555.90
19264.7
40186.28
57694.89
43905.34
31879.62
82033.41
21884.39
97122.26
33786.96
34203.45
83035.23
84350.2
42131.6
40424.50
10712.44
36914.16
83135.82
8076.8
80017.98
73228.7
51826.62
11914.7
13407.12
79077.17
23412.19
75147.47
18152.32
529.5
81448.88
16675.43
80767.14
19958.75
52055.54
36116.70
67707.16
6826.66
65254.88
62247.98
11617.46
68730.90
34709.65
10010.33
96075.98
60227.2
56421.61
27254.1
54401.66
65776.4
56315.24
40974.36
2209.86
32264.1
67286.51
89496.3
68420.3
44606.28
27245.50
9178.41
80920.6
25429.82
2408.7
56153.94
32553.26
30957.68
8739.55
56665.97
63491.54
85279.42
14573.70
92110.10
74269.37
49354.73
42694.84
59523.39
28086.30
26638.56
25999.36
56251.37
91374.50
22051.83
24103.29
4299.88
89034.50
91819.89
19033.40
50165.28
73557.61
66679.28
64352.8
45372.55
78711.1
11369.24
28602.68
48813.18
63083.17
87115.86
15430.25
57295.26
4613.54
99216.48
30141.24
20124.90
44467.31
65943.34
8146.69
79265.33
97293.9
84394.91
48157.23
44068.42
93236.9
9281.87
80304.98
94209.87
55704.55
89393.96
20481.42
41015.67
45486.45
85854.57
67913.8
3290.74
53925.55
57450.89
97111.26
66738.38
21115.80
54120.30
49056.98
72469.70
42023.85
42634.90
75387.33
86394.41
9673.7
46383.39
79242.69
45295.19
32382.10
12984.21
94577.39
63727.3
27035.36
88678.53
42828.81
29176.76
78274.43
5798.74
94215.75
80624.25
6974.87
94016.11
77849.71
16347.55
21332.3
48453.94
36169.73
33485.54
4473.9
18910.71
78355.20
5963.99
24639.95
42813.62
52070.78
39736.45
51393.12
6939.59
65892.32
99057.12
89052.68
80030.65
995.98
27293.79
24784.9
64055.39
67519.92
209.11
31127.95
35147.65
58453.14
63360.8
73569.55
55210.23
44155.43
32982.65
65462.68
3331.50
42389.6
35848.33
46519.98
60342.75
8806.77
81721.47
96887.79
54133.87
29382.4
53975.88
28560.15
83613.8
39583.31
26571.18
82221.92
53661.57
56360.42
84694.71
33722.96
8354.97
27243.74
48180.39
37520.33
93464.34
51763.15
72173.82
58678.14
5808.13
86462.60
67347.93
9054.41
23825.18
29444.50
42692.48
55074.3
70324.65
85331.37
80533.18
91370.1
95752.86
308.73
87718.34
77106.79
19399.11
35890.21
5245.78
50415.68
9902.51
67533.28
49592.4
64848.29
38114.10
31967.1
28119.71
88631.97
7308.33
64838.31
90153.7
56265.66
59948.30
23873.48
13730.30
68059.52
12595.87
46788.21
42577.81
18568.89
18784.32
82913.5
32011.55
4679.8
49608.34
18758.9
93071.70
45516.44
79817.39
51497.38
49105.10
31751.56
97239.37
83879.58
92014.65
37308.99
74429.42
12022.38
30928.15
92236.91
37129.24
12704.28
5803.15
33154.73
60186.12
18073.14
69401.81
93474.76
18227.9
84024.51
84115.36
3355.76
6945.36
61198.58
34048.74
87631.79
52473.63
14202.54
40156.72
83614.21
49642.54
8134.15
49065.78
11444.30
61036.40
56158.96
16397.84
14708.96
79315.80
10840.96
20229.14
43858.1
8325.14
1184.39
29197.30
69031.26
17324.87
12686.60
19799.66
93886.39
32869.74
48990.13
11671.20
26093.34
49172.39
75701.17
70936.71
66574.69
25761.14
84007.69
63808.51
20221.27
58062.57
80667.27
7221.74
62464.33
53183.85
6022.61
21849.93
82235.31
78924.45
53552.16
6767.58
88402.37
17164.96
90251.42
33701.91
61221.51
71473.78
2228.73
45317.8
31814.67
39773.19
50675.69
23806.39
20547.69
58493.67
55520.17
78547.74
60454.37
46195.28
75741.57
46595.14
12526.56
71839.57
72916.21
82911.90
35429.3
52154.37
32008.92
21674.45
90653.49
13996.98
80729.81
24742.17
8132.95
57983.7
92519.19
34431.9
86328.80
51664.88
24978.89
5267.46
20405.96
78172.90
31296.70
10955.95
76369.58
9402.4
39343.94
6970.75
83255.6
77307.97
2619.36
94098.30
56016.9
5575.60
8707.8
84417.39
16988.15
66548.34
72605.37
3347.90
2539.75
61414.60
19322.8
51798.3
95208.84
88813.8
94906.72
58531.81
37816.2
24745.34
19131.76
36884.56
29101.98
64343.27
25444.3
70206.21
83731.98
80101.40
76190.38
7694.10
43953.16
23155.50
29897.57
35203.23
78442.3
29758.21
72669.56
23625.60
96070.59
50739.14
50263.93
42437.57
35869.26
49819.61
56597.42
14383.3
65096.43
81797.20
9345.47
45769.5
40162.50
27676.31
93278.86
40501.52
83937.36
74868.22
32906.50
43810.90
98256.42
65625.1
23028.44
38560.27
45082.91
5498.53
99794.26
91282.31
81731.56
42069.86
15338.16
27636.84
82374.42
13814.51
33677.2
90400.36
50651.18
40890.25
8209.50
72901.51
33631.17
53297.82
4771.28
62663.21
6917.46
10817.51
94762.52
58378.26
12004.89
62664.81
43895.46
85020.42
99204.66
22825.77
75714.82
72512.52
73390.42
45646.34
25741.16
79029.21
90648.14
3418.19
10753.54
3066.84
19885.85
79521.5
97110.87
48657.48
58651.13
12308.17
85306.42
30868.36
84887.83
56871.33
60105.38
50015.44
55344.65
90167.94
6036.44
98274.46
19623.15
81747.57
88650.89
71474.66
28164.6
51132.77
35842.77
57163.51
91448.2
21517.86
75800.45
46532.85
568.37
65016.61
19553.58
510.50
45220.11
89542.48
13979.69
50132.62
61090.29
28891.77
74889.12
74122.25
31281.7
81855.5
4052.17
8198.51
47174.84
37758.5
27701.70
11237.88
25902.9
56980.90
44880.45
60148.41
41138.36
67527.89
3093.99
64984.55
98076.76
88625.20
34689.12
73019.97
63737.82
7002.63
66105.11
8373.77
14213.93
28620.12
1507.24
48475.23
16599.44
84335.17
49790.79
49843.14
50411.97
65840.70
54309.93
438.31
57246.81
43940.10
31422.12
19708.42
45432.42
79860.47
11788.37
62115.42
44747.82
31971.60
40241.49
42477.32
29659.55
99174.42
46333.5
51690.12
97065.24
67913.15
86330.61
56124.12
76752.38
24405.17
12838.21
2525.81
70160.5
82804.51
57973.66
28106.51
1684.82
32110.33
30621.54
67870.3
54007.62
77448.81
11174.41
60980.70
29747.39
37786.99
63756.49
17552.94
73146.7
92048.46
4280.23
62278.66
10968.31
92174.81
87832.1
33855.68
46811.20
61098.43
219.46
15014.10
53530.84
76573.6
50284.80
38086.43
6640.12
58183.13
73479.41
51997.70
83355.70
10303.87
94376.52
79193.26
65846.91
63431.51
96909.1
61775.71
53298.18
83232.17
61616.96
32431.78
6380.8
43728.65
7228.52
48459.81
4660.12
86084.99
75840.25
94186.14
85505.88
98271.75
86362.41
67755.94
61481.82
2112.63
951.57
60393.67
44038.2
6900.74
40363.56
1664.10
59803.62
54975.2
32995.86
22104.49
36701.57
91109.61
4975.27
16989.51
42345.93
49538.17
31622.56
99343.40
68681.27
12144.67
8225.83
48685.44
26461.40
91099.27
88501.92
29427.54
57397.22
43261.8
42375.84
20543.63
84493.27
91355.10
11705.90
40981.1
57176.10
34222.47
56994.97
41110.3
80858.44
87511.87
47628.67
25471.17
32360.23
61758.58
56698.53
40905.97
16290.69
68154.24
73239.69
70155.7
12731.48
38352.76
19430.3
83135.36
49037.5
73620.9
21401.75
24445.23
44379.96
19639.90
73182.47
26268.25
59644.29
35727.1
42202.76
83850.86
84829.30
84200.79
69758.16
62990.88
4906.38
76927.62
93645.15
62388.45
21140.52
66069.78
56088.93
95041.9
14107.55
54131.21
17496.39
24643.36
29280.85
86774.86
31333.53
23041.7
64771.22
12631.5
90709.30
22761.70
84065.87
66816.4
61071.55
89917.89
79638.1
7456.13
55114.98
98064.36
58692.96
29135.16
70208.89
50778.72
93019.83
93839.23
52211.46
11981.96
38894.13
74331.73
36199.76
20145.9
58449.46
68505.21
40929.9
96594.24
15763.62
2992.21
16593.12
63757.14
4958.96
12071.42
50392.60
18467.51
84111.81
68197.67
15466.59
68911.72
32435.21
61712.27
75468.57
45317.79
25990.82
5906.98
48507.46
57056.9
93069.92
40962.68
57690.22
17709.85
79380.2
54311.1
57305.19
15049.44
74945.60
78160.24
42683.67
4359.6
12725.87
85151.12
48873.62
61452.13
38322.25
47713.65
87088.44
88398.9
70431.49
44872.88
10376.42
97680.63
6606.35
65056.58
73194.87
70522.53
79788.29
91233.42
83650.59
20156.3
18978.94
80275.78
74546.32
84988.70
58044.79
66835.22
92010.18
15467.37
24921.22
12765.49
62761.15
55420.9
39013.60
61694.21
406.62
1581.73
93694.88
63194.17
7348.42
28583.85
44891.21
92626.54
7615.49
469.71
22313.89
65435.89
7865.49
25052.58
22780.24
31603.22
54641.59
91051.31
23103.22
37475.19
13882.66
97548.19
44042.44
45773.59
4277.15
78956.54
41530.68
89065.51
88199.62
98671.77
25004.16
31208.73
90285.72
39955.78
69565.74
88740.18
78711.38
62062.72
88724.82
30918.26
79095.71
63919.68
59225.37
95335.26
8801.63
63950.61
21669.82
96678.80
93775.94
53396.28
47193.67
70698.54
25239.96
74421.68
9970.91
4036.63
34200.90
38612.37
25381.77
229.51
12832.79
58434.48
60853.12
63862.52
22104.59
86771.48
63817.70
78770.93
28657.58
85197.47
67932.59
65313.52
62823.68
76301.67
84587.69
94511.35
26920.24
10485.52
54859.9
98066.71
37726.53
41203.8
485.50
85131.28
7565.10
39892.22
20892.41
20760.70
206.43
36642.10
33136.92
33164.45
89872.41
62854.33
33600.76
64270.63
60550.53
58259.72
32755.41
208.34
51213.85
77444.57
72368.10
51912.35
7923.23
5200.75
6626.30
10542.62
67593.89
85298.38
2641.87
5287.43
59296.6
33285.23
44700.47
38295.51
56789.26
9281.91
99753.50
32070.63
30326.84
96870.26
65154.8
31207.96
22789.65
19082.52
60138.14
53836.99
20396.36
7016.79
67019.58
30759.61
17548.1
91557.43
13176.6
88256.59
67144.47
45645.49
57337.89
36438.22
12776.43
61680.29
74896.73
89173.96
65298.31
42012.85
4729.18
16437.17
6690.78
91941.34
1014.40
10973.94
46571.95
98712.69
24544.6
29054.35
62334.44
78544.69
72618.46
94952.31
78583.35
9689.46
81931.1
12059.41
44475.31
88180.87
55137.55
67455.64
67720.39
43284.42
48290.87
39062.56
24371.26
96311.66
68722.51
57986.14
87833.35
41802.26
9191.73
79621.55
80771.76
61022.36
81580.6
99389.72
59381.24
80814.53
62713.5
51181.58
85449.17
4702.80
80781.11
54209.29
51424.50
96723.71
40156.32
74623.58
39245.95
62085.5
32267.25
67294.40
81267.3
91344.26
29478.69
10932.80
36420.78
92818.86
20084.13
32650.65
68248.51
8096.19
94823.26
86431.1
43582.24
78816.59
72856.18
16641.41
25541.72
61413.17
84230.3
2194.92
64565.88
20709.52
8213.12
95320.95
55449.96
65279.9
98545.28
81312.37
23292.8
25113.92
9103.36
89803.35
11623.98
39990.23
17095.62
22639.89
1153.15
55164.49
94377.9
29264.4
46472.76
33865.46
50875.48
57211.7
59882.69
60117.62
93613.82
78112.53
9264.31
12733.45
17252.31
17580.27
63629.58
80011.88
32701.43
43519.25
81183.10
34262.60
51450.13
27739.41
32747.44
22955.14
39750.61
44605.71
50373.63
29927.92
21985.5
52590.56
98968.85
73156.43
41902.98
18960.22
58125.40
59629.51
29296.43
52920.2
31515.99
99540.1
53373.13
90824.59
23566.4
4757.44
33691.12
97736.14
62162.58
12429.32
4808.61
80184.47
85595.13
37838.96
55391.76
26700.41
185.47
22594.2
62736.36
55527.51
45775.52
13377.32
83645.52
34706.5
83290.54
21338.22
89532.43
92016.16
66076.52
36661.36
9166.86
34801.69
96910.7
73334.73
60009.15
94867.33
31575.45
79097.2
70496.65
49434.33
49565.90
97888.31
83784.51
14441.64
98235.37
8585.27
40819.88
18487.75
51343.93
27296.50
42163.69
88170.91
82303.64
6085.30
77243.79
94069.45
89354.91
93812.9
88217.49
48837.21
97334.37
56402.11
34545.61
74205.60
68828.2
31951.28
85066.10
84440.92
93535.49
29390.2
93606.56
32894.33
58633.40
46404.43
9216.22
8808.88
71159.40
90258.70
29694.36
98751.51
83904.76
78943.44
20515.88
85478.24
68427.71
17826.32
26973.79
46574.32
31220.73
64530.29
54882.73
39246.28
76557.72
63474.3
24812.23
38125.86
8724.69
73813.11
23840.65
75844.50
59654.8
2789.80
27847.99
40363.67
39964.8
69950.48
18321.34
99087.16
2464.59
21019.13
27303.92
80746.67
30109.22
47689.56
44725.72
58583.30
43273.80
27835.5
77462.11
9887.3
40953.35
61549.68
3277.8
88816.66
50291.27
74301.69
44503.20
55404.25
75953.25
66411.76
40073.68
59727.10
57927.9
70512.4
59149.66
36779.72
19565.81
12486.20
99913.76
28323.21
38647.95
78977.95
78953.82
46373.1
49007.49
75395.84
7740.19
95297.32
16117.4
11154.53
96401.9
32516.13
95583.17
58707.37
80922.28
72712.4
16843.71
50110.40
49131.28
45626.53
86613.53
51414.70
47937.48
95351.28
69279.10
44374.11
96565.80
51366.91
42291.42
82052.94
67479.70
60499.58
71772.9
12578.22
93264.5
73420.58
78442.24
67357.99
43599.82
70687.43
65831.25
45045.43
92972.85
18205.5
46031.23
95591.67
84119.11
757.71
52905.43
79146.33
49335.42
33715.97
62816.97
86888.46
81292.92
28418.73
961.48
57487.40
11858.58
19637.31
73808.18
12681.93
44419.71
79457.82
57830.7
58552.7
22386.32
64136.56
12830.69
84641.30
42952.65
6136.64
3707.36
73146.10
74429.75
97166.30
7045.1
41055.52
53597.12
57911.17
10992.48
64995.3
84524.77
52669.22
62029.89
90109.70
21878.24
29938.30
76749.7
98773.71
83262.62
63009.61
66452.14
34344.83
19022.26
29692.33
71659.5
95159.27
78968.70
47801.71
74123.20
17792.55
92552.62
20103.34
16517.62
9824.90
43667.58
34506.61
86259.25
94125.41
36731.54
25355.33
81174.47
10887.75
6772.98
76736.31
42625.97
65850.50
95493.85
17599.59
58292.37
77516.41
12251.48
29215.64
95369.21
67110.12
70873.45
1332.80
27830.88
68056.64
48904.30
76892.67
30470.47
25618.10
95875.7
97306.42
27769.36
47069.52
43698.81
71833.51
57022.41
95158.32
89352.78
99274.96
45135.84
2653.47
97093.23
58444.36
78887.70
92670.5
55757.52
1919.68
42610.54
6652.31
98471.68
74593.14
4333.58
42273.30
12262.87
9560.95
65292.45
37631.19
25921.74
26995.89
29518.49
77799.77
9489.75
33990.77
21248.61
7557.19
85555.66
82160.3
72430.62
78537.83
27986.39
53478.8
27456.71
7220.46
44200.3
964.87
48187.46
9927.78
78275.54
92155.91
47049.32
27825.28
68163.68
22340.4
88223.35
82791.74
38106.44
58264.6
97034.50
84249.88
40802.30
2595.60
49608.26
88171.29
30363.87
43393.81
45738.55
31084.7
19649.35
61706.18
23544.91
16115.51
84419.23
70592.63
24448.52
792.25
93124.4
26344.62
25222.31
62386.48
50815.82
41434.26
93886.40
37042.76
4111.94
74649.48
85441.60
81926.31
12700.65
41531.57
24907.74
41948.33
78370.3
94506.36
57178.69
40143.46
82383.62
24326.37
90841.48
5054.12
63667.66
50376.79
44887.84
82052.46
37929.10
16762.74
19158.8
81952.43
7479.98
29763.5
72107.16
97544.78
43850.80
48283.98
43404.56
83354.54
70423.78
98004.37
36974.67
14900.44
41022.7
51517.1
55297.11
99569.27
23308.63
19639.35
33658.1
50110.66
82709.64
5711.75
42457.5
54365.89
48704.51
21385.66
98844.32
87912.62
58655.58
11198.75
80540.66
1711.91
91275.21
75273.7
30456.13
40943.47
46769.38
65083.57
57914.90
90048.79
1886.97
78875.88
32406.97
45181.34
51115.1
18842.79
22914.27
31766.43
4206.79
67903.25
448.79
92188.5
66995.35
16893.22
4369.54
70150.56
77366.19
72189.29
86162.80
51305.51
71744.45
95697.54
84346.21
42632.11
28545.60
75631.52
40287.64
66200.33
71913.9
3565.57
14771.22
9644.30
46145.90
31800.24
35694.1
36175.93
98986.30
41076.74
81481.85
51844.89
82480.14
25586.32
38441.30
53854.78
35196.7
42028.13
49371.54
30370.31
11778.16
3098.53
65764.16
98496.87
74075.61
54999.28
21989.77
62583.6
17798.87
2780.32
75745.91
80511.70
67122.33
85151.28
16556.6
77208.21
57276.59
32579.36
77290.40
18373.80
44355.25
41024.62
33315.9
8442.6
95333.71
12678.44
15876.29
10936.66
22855.25
32098.14
81580.75
98813.88
81203.88
48734.26
4013.44
51222.69
27692.87
18560.14
30229.93
45150.92
6988.71
17116.96
81633.78
14914.3
25811.37
21474.96
78510.56
52775.89
35322.89
95173.74
89016.57
31535.2
46508.14
80053.23
96103.67
11544.34
80148.97
80558.2
51249.18
61947.75
41718.83
12632.19
61455.15
9486.58
62820.80
39996.82
89548.8
32596.39
1105.90
53606.4
5913.58
3848.81
89711.70
9491.77
8497.43
99751.96
47.24
51463.87
23116.70
81112.48
82350.21
91739.85
74923.35
44576.72
60709.89
38697.21
80799.76
2040.80
41967.86
48061.59
88256.56
41650.46
26502.16
18449.4
40147.76
57203.2
1008.36
37130.64
93982.96
87967.35
33358.30
19494.81
93812.23
96085.68
79042.31
36296.84
48450.18
3409.84
7941.61
99347.76
15017.9
30434.69
70902.97
35191.88
49340.92
85707.45
2730.70
19227.34
2656.79
23927.4
14177.27
71335.38
34506.91
25132.75
32915.3
485.63
57405.61
20319.53
61063.31
23796.35
94189.64
66941.99
98691.13
19625.40
92488.46
79458.95
52620.14
68319.69
7825.81
86376.20
63607.37
49287.63
47669.66
50727.60
87398.14
26532.45
85159.39
78855.15
70063.8
55844.29
17994.63
5083.1
24099.25
7081.59
90820.2
49281.79
19473.95
21464.78
96553.61
46057.60
86679.28
27715.84
36561.70
2955.80
24426.5
47964.89
28126.50
45120.34
48582.6
78375.31
77493.75
30831.53
30220.66
9742.2
77532.41
81891.4
10155.55
87889.45
76664.61
72707.71
5508.7
87603.24
74858.45
91273.47
10070.17
63779.11
49973.60
3599.75
55727.86
47597.85
53508.85
11723.6
76103.39
64279.44
77202.61
48519.2
75203.39
43610.83
39987.47
24762.7
24322.82
45936.70
66571.83
77167.84
64888.55
25621.16
12764.3
85173.82
4243.41
64516.8
55317.49
83914.15
11049.35
77751.4
25871.63
30814.19
7541.60
30637.87
83126.57
12172.52
30889.51
99060.67
22558.8
13005.73
9934.1
31926.50
28923.93
18062.21
96872.9
32705.14
35529.88
35437.1
73120.20
11110.15
26827.47
93038.80
31155.52
77383.90
93218.62
13734.46
40973.84
56125.16
45446.27
49415.62
21694.10
48942.36
14644.58
69576.66
74489.56
76599.1
7896.47
83477.21
68845.32
58948.48
14880.96
62378.22
98601.27
59747.26
44230.15
6144.90
57073.76
29530.73
1298.89
3690.71
90964.12
24269.86
45407.47
24925.44
49722.21
70744.40
77756.65
52807.73
2854.20
53665.91
38332.35
8046.39
61084.77
73195.88
85807.54
45539.11
92770.31
7814.56
79294.80
98987.64
82267.44
90175.57
65060.63
19170.43
48188.57
27514.92
29984.54
67001.90
48529.44
55372.44
26625.18
50750.63
32465.18
90508.2
99291.40
3816.28
3552.57
83665.96
86662.6
7957.44
78682.44
38090.74
66205.37
45420.24
74454.76
62213.75
72830.41
70795.83
13651.97
12258.26
13484.7
48172.90
85226.77
65910.11
99355.8
1275.7
70995.89
12812.5
3012.49
83687.60
58528.47
90221.50
22146.67
82417.74
52813.49
96761.42
54003.23
34570.40
80589.42
79988.33
64825.56
64633.37
11457.85
67325.98
7650.97
22307.28
27410.86
92279.43
84970.89
25245.72
32467.86
2408.34
91479.69
47268.74
78980.41
14196.86
84646.30
30538.10
2648.36
46972.59
98493.7
9886.13
87337.71
6579.72
3774.44
46943.30
19889.46
10548.11
74566.77
31073.60
8831.11
60006.25
30408.12
82533.47
34727.56
34791.18
88002.64
2550.6
18870.97
56151.14
50488.18
12860.68
65265.52
97661.8
25251.85
51743.14
48880.64
93663.87
92359.80
17939.44
75526.43
79184.90
81736.48
30760.71
97307.20
22249.70
32241.98
12961.26
57734.41
22520.95
20201.32
82916.16
77614.78
51706.89
30451.49
68198.50
98360.61
86297.43
63066.16
61776.41
76532.39
67243.59
93756.36
73160.42
35446.53
95102.8
33432.73
13320.71
76274.60
12160.48
510.32
88604.22
23401.25
34937.28
5754.78
47248.42
76350.97
93263.98
43975.61
84556.64
98564.79
50233.62
80398.1
30645.18
49805.45
44648.85
38890.89
17223.35
27416.94
46815.87
