100
5635921.00
9842492.43
2688160.49
1485543.10
1702580.35
2198370.26
6667804.60
6143395.53
4189007.56
8315006.22
7710588.86
9688432.48
8356016.39
1417178.59
9742219.11
5743203.84
4098785.79
763148.10
715281.08
5046592.84
8615147.90
5828032.77
8927885.74
7760963.63
4856084.56
5922183.87
1275590.07
3226276.57
6663193.23
6354171.70
6932006.15
7498964.86
201408.87
4099101.77
2086247.75
5222743.61
8986027.84
9947970.54
9386746.22
3678576.39
6092654.46
3978479.27
7634146.69
8747164.17
5145104.71
8799810.06
4863204.25
9551918.52
8386428.40
4796971.32
3147792.18
1993820.39
5047422.35
8155731.38
9265948.82
5886483.79
4188049.44
2063913.41
5533206.84
1441667.73
6061676.29
2624170.17
5961471.25
874217.01
3807850.85
2676125.97
1279285.53
7208815.87
3812977.48
507760.54
967799.67
6680360.22
1949269.07
4533268.88
5024354.98
2152081.70
3537351.37
7435210.68
7745202.40
9024765.12
9355813.58
7806513.71
3259296.11
3613545.19
2321271.67
1482793.28
4443521.09
1534976.64
4958789.91
8560488.01
5552422.76
5080133.19
3190515.31
989242.10
9437199.41
8795547.14
8270816.58
614778.34
825795.21
3311395.07
