100
86.9
12.7
91.6
21.9
51.3
43.6
62.6
50.8
50.3
14.6
2.1
60.7
5.4
61.3
45.3
98.0
85.2
92.6
23.4
48.7
42.8
28.5
28.0
38.3
5.4
82.8
69.0
56.0
68.2
98.5
69.6
26.6
41.8
90.1
46.2
85.2
77.4
21.7
89.2
84.8
9.4
52.5
89.7
87.4
56.6
6.9
42.4
75.9
9.5
36.1
73.2
18.4
16.2
36.9
52.4
45.0
61.3
48.5
9.9
69.0
43.0
85.5
25.8
39.9
21.0
12.8
55.5
72.0
68.7
36.7
17.1
4.3
58.8
38.9
8.3
96.5
78.1
43.6
36.5
32.3
60.1
35.3
79.0
85.3
86.4
52.5
19.0
23.4
53.3
77.8
12.7
27.6
12.3
11.8
38.7
64.8
77.5
58.3
14.2
15.0
