20
UzbCAbz 10
1 2 1000
3 5 1000
6 9 1000
10 14 1000
15 20 1000
21 27 1000
28 35 1000
36 44 1000
45 54 1000
55 65 1000
EYxCAYlUGQWAzldUhYz 10
1 2 1000
3 5 1000
6 9 1000
10 14 1000
15 20 1000
21 27 1000
28 35 1000
36 44 1000
45 54 1000
55 65 1000
zYMxSxSCxOrntfnC 10
1 2 1000
3 5 1000
6 9 1000
10 14 1000
15 20 1000
21 27 1000
28 35 1000
36 44 1000
45 54 1000
55 65 1000
OUbOf 10
1 2 1000
3 5 1000
6 9 1000
10 14 1000
15 20 1000
21 27 1000
28 35 1000
36 44 1000
45 54 1000
55 65 1000
thhIppMxn 10
1 2 1000
3 5 1000
6 9 1000
10 14 1000
15 20 1000
21 27 1000
28 35 1000
36 44 1000
45 54 1000
55 65 1000
jOzGrhbWv 10
1 2 1000
3 5 1000
6 9 1000
10 14 1000
15 20 1000
21 27 1000
28 35 1000
36 44 1000
45 54 1000
55 65 1000
htInChSbddEWU 10
1 2 1000
3 5 1000
6 9 1000
10 14 1000
15 20 1000
21 27 1000
28 35 1000
36 44 1000
45 54 1000
55 65 1000
txlAhfEjdQMQz 10
1 2 1000
3 5 1000
6 9 1000
10 14 1000
15 20 1000
21 27 1000
28 35 1000
36 44 1000
45 54 1000
55 65 1000
bQMdxWdzInCprCjGvhE 10
1 2 1000
3 5 1000
6 9 1000
10 14 1000
15 20 1000
21 27 1000
28 35 1000
36 44 1000
45 54 1000
55 65 1000
ObOAQ 10
1 2 1000
3 5 1000
6 9 1000
10 14 1000
15 20 1000
21 27 1000
28 35 1000
36 44 1000
45 54 1000
55 65 1000
bEzQQ 10
1 2 1000
3 5 1000
6 9 1000
10 14 1000
15 20 1000
21 27 1000
28 35 1000
36 44 1000
45 54 1000
55 65 1000
hQI 10
1 2 1000
3 5 1000
6 9 1000
10 14 1000
15 20 1000
21 27 1000
28 35 1000
36 44 1000
45 54 1000
55 65 1000
AKOUbnbSvx 10
1 2 1000
3 5 1000
6 9 1000
10 14 1000
15 20 1000
21 27 1000
28 35 1000
36 44 1000
45 54 1000
55 65 1000
AS 10
1 2 1000
3 5 1000
6 9 1000
10 14 1000
15 20 1000
21 27 1000
28 35 1000
36 44 1000
45 54 1000
55 65 1000
UxIxfnrjfAnMC 10
1 2 1000
3 5 1000
6 9 1000
10 14 1000
15 20 1000
21 27 1000
28 35 1000
36 44 1000
45 54 1000
55 65 1000
lKCCEMSx 10
1 2 1000
3 5 1000
6 9 1000
10 14 1000
15 20 1000
21 27 1000
28 35 1000
36 44 1000
45 54 1000
55 65 1000
vbYSECjllMllKzpGfMK 10
1 2 1000
3 5 1000
6 9 1000
10 14 1000
15 20 1000
21 27 1000
28 35 1000
36 44 1000
45 54 1000
55 65 1000
ChlUzYjxx 10
1 2 1000
3 5 1000
6 9 1000
10 14 1000
15 20 1000
21 27 1000
28 35 1000
36 44 1000
45 54 1000
55 65 1000
lrhblfIKMUzIGCjhAW 10
1 2 1000
3 5 1000
6 9 1000
10 14 1000
15 20 1000
21 27 1000
28 35 1000
36 44 1000
45 54 1000
55 65 1000
ACMvjArIlrnvKMChWlW 10
1 2 1000
3 5 1000
6 9 1000
10 14 1000
15 20 1000
21 27 1000
28 35 1000
36 44 1000
45 54 1000
55 65 1000
10
868528419111
274372093704
538218460768
343931810050
387304843017
131795695673
460582141224
177687593926
922093498112
175902768224
