20
EUzrtKvxMKOlYI 10
1 2 226
3 5 359
6 9 603
10 14 261
15 20 527
21 27 640
28 35 536
36 44 696
45 54 243
55 86 864
hjMnMYAM 10
1 2 337
3 5 1000
6 9 967
10 14 829
15 20 495
21 27 681
28 35 126
36 44 901
45 54 202
55 69 782
OrSlUAY 10
1 2 552
3 5 345
6 9 428
10 14 638
15 20 912
21 27 259
28 35 461
36 44 293
45 54 278
55 97 626
SEAYrvzExS 10
1 2 789
3 5 460
6 9 554
10 14 261
15 20 320
21 27 854
28 35 997
36 44 613
45 54 561
55 95 722
ElWjjG 10
1 2 416
3 5 182
6 9 805
10 14 578
15 20 702
21 27 52
28 35 58
36 44 59
45 54 402
55 78 867
SxfjCWAfAOAYjInt 10
1 2 654
3 5 889
6 9 388
10 14 666
15 20 450
21 27 494
28 35 108
36 44 868
45 54 619
55 71 284
UpKYCtl 10
1 2 885
3 5 754
6 9 810
10 14 403
15 20 999
21 27 744
28 35 742
36 44 276
45 54 544
55 73 797
SvMKxOGntKUnWIMUY 10
1 2 26
3 5 998
6 9 770
10 14 43
15 20 618
21 27 620
28 35 733
36 44 822
45 54 435
55 93 7
YjK 10
1 2 967
3 5 142
6 9 527
10 14 700
15 20 565
21 27 76
28 35 591
36 44 830
45 54 942
55 74 841
bWSxz 10
1 2 854
3 5 995
6 9 328
10 14 833
15 20 271
21 27 787
28 35 740
36 44 207
45 54 178
55 93 611
tlEbzflhYjtMUOMjYnQ 10
1 2 689
3 5 331
6 9 154
10 14 757
15 20 646
21 27 812
28 35 845
36 44 167
45 54 202
55 70 244
WUIvjEjtvpzWdOQ 10
1 2 291
3 5 214
6 9 873
10 14 975
15 20 783
21 27 170
28 35 359
36 44 264
45 54 43
55 96 20
nIjKrzlx 10
1 2 769
3 5 152
6 9 325
10 14 238
15 20 891
21 27 28
28 35 897
36 44 903
45 54 492
55 76 941
UYzAGUzKOESnGIW 10
1 2 200
3 5 247
6 9 822
10 14 625
15 20 460
21 27 279
28 35 118
36 44 178
45 54 183
55 92 703
nQIxYIbhGMdffQAGdKxO 10
1 2 844
3 5 39
6 9 691
10 14 732
15 20 422
21 27 708
28 35 627
36 44 266
45 54 295
55 71 655
WbfvjphAOlpGAxChKYp 10
1 2 668
3 5 867
6 9 256
10 14 574
15 20 677
21 27 224
28 35 68
36 44 7
45 54 422
55 93 690
QCfx 10
1 2 455
3 5 121
6 9 41
10 14 186
15 20 698
21 27 31
28 35 221
36 44 371
45 54 995
55 88 296
xKvCObdYElMUjllC 10
1 2 317
3 5 151
6 9 711
10 14 96
15 20 346
21 27 754
28 35 267
36 44 831
45 54 17
55 72 185
dMbpnECxCWhtI 10
1 2 232
3 5 738
6 9 98
10 14 220
15 20 193
21 27 767
28 35 357
36 44 44
45 54 60
55 86 756
xbvdQSKQbxOb 10
1 2 855
3 5 865
6 9 952
10 14 99
15 20 803
21 27 770
28 35 585
36 44 709
45 54 474
55 67 633
10
121978234484
156098298950
988492690191
517316572461
580499175385
456677313123
739383289392
328404036348
411830018248
459660342414
