20
IvdYxEpAQYYYWUKAdWt 10
1 2 38
3 5 38
6 9 38
10 14 38
15 20 38
21 27 38
28 35 38
36 44 38
45 54 38
55 65 38
dKUSOSOj 10
1 2 38
3 5 38
6 9 38
10 14 38
15 20 38
21 27 38
28 35 38
36 44 38
45 54 38
55 65 38
zEQGfdbzbOpvjft 10
1 2 38
3 5 38
6 9 38
10 14 38
15 20 38
21 27 38
28 35 38
36 44 38
45 54 38
55 65 38
vjthjvnfl 10
1 2 38
3 5 38
6 9 38
10 14 38
15 20 38
21 27 38
28 35 38
36 44 38
45 54 38
55 65 38
pzvrftM 10
1 2 38
3 5 38
6 9 38
10 14 38
15 20 38
21 27 38
28 35 38
36 44 38
45 54 38
55 65 38
GQSjKd 10
1 2 38
3 5 38
6 9 38
10 14 38
15 20 38
21 27 38
28 35 38
36 44 38
45 54 38
55 65 38
KOYjKrWpd 10
1 2 38
3 5 38
6 9 38
10 14 38
15 20 38
21 27 38
28 35 38
36 44 38
45 54 38
55 65 38
rdCtxfKOOSrM 10
1 2 38
3 5 38
6 9 38
10 14 38
15 20 38
21 27 38
28 35 38
36 44 38
45 54 38
55 65 38
YYppdEWjhlOjxWhb 10
1 2 38
3 5 38
6 9 38
10 14 38
15 20 38
21 27 38
28 35 38
36 44 38
45 54 38
55 65 38
bAtSUhE 10
1 2 38
3 5 38
6 9 38
10 14 38
15 20 38
21 27 38
28 35 38
36 44 38
45 54 38
55 65 38
KAYSlCrxO 10
1 2 38
3 5 38
6 9 38
10 14 38
15 20 38
21 27 38
28 35 38
36 44 38
45 54 38
55 65 38
YOUCUSlOxxQlMnSWSEO 10
1 2 38
3 5 38
6 9 38
10 14 38
15 20 38
21 27 38
28 35 38
36 44 38
45 54 38
55 65 38
YnAEIYtOnv 10
1 2 38
3 5 38
6 9 38
10 14 38
15 20 38
21 27 38
28 35 38
36 44 38
45 54 38
55 65 38
SGzhhjvK 10
1 2 38
3 5 38
6 9 38
10 14 38
15 20 38
21 27 38
28 35 38
36 44 38
45 54 38
55 65 38
AjfQtSChrjEYfWEEC 10
1 2 38
3 5 38
6 9 38
10 14 38
15 20 38
21 27 38
28 35 38
36 44 38
45 54 38
55 65 38
dMjCr 10
1 2 38
3 5 38
6 9 38
10 14 38
15 20 38
21 27 38
28 35 38
36 44 38
45 54 38
55 65 38
jElffAKApEnMffCdnjSj 10
1 2 38
3 5 38
6 9 38
10 14 38
15 20 38
21 27 38
28 35 38
36 44 38
45 54 38
55 65 38
GIhOYdtWpWbfIfYS 10
1 2 38
3 5 38
6 9 38
10 14 38
15 20 38
21 27 38
28 35 38
36 44 38
45 54 38
55 65 38
KSKffpII 10
1 2 38
3 5 38
6 9 38
10 14 38
15 20 38
21 27 38
28 35 38
36 44 38
45 54 38
55 65 38
hjtAxOvWOApMdx 10
1 2 38
3 5 38
6 9 38
10 14 38
15 20 38
21 27 38
28 35 38
36 44 38
45 54 38
55 65 38
10
187
988
51
899
173
6
581
208
835
491
