20
nlQlKU 10
1 2 372
3 5 974
6 9 17
10 14 163
15 20 956
21 27 625
28 35 41
36 44 32
45 54 55
55 79 419
bWEMEEl 10
1 2 76
3 5 219
6 9 197
10 14 246
15 20 794
21 27 637
28 35 101
36 44 100
45 54 459
55 79 226
fUrOEftArr 10
1 2 975
3 5 844
6 9 98
10 14 7
15 20 117
21 27 488
28 35 114
36 44 967
45 54 859
55 66 607
WbzS 10
1 2 420
3 5 517
6 9 281
10 14 297
15 20 735
21 27 393
28 35 779
36 44 239
45 54 762
55 80 562
bnMbGCUl 10
1 2 160
3 5 156
6 9 810
10 14 885
15 20 758
21 27 146
28 35 986
36 44 401
45 54 128
55 79 953
xGUhYfrhlzGlIChCzbU 10
1 2 123
3 5 404
6 9 801
10 14 240
15 20 545
21 27 621
28 35 858
36 44 472
45 54 912
55 92 898
j 10
1 2 933
3 5 689
6 9 200
10 14 275
15 20 157
21 27 481
28 35 998
36 44 198
45 54 33
55 72 516
KMfSlAMWzlQMlpA 10
1 2 966
3 5 783
6 9 327
10 14 57
15 20 163
21 27 195
28 35 184
36 44 643
45 54 698
55 73 276
zCz 10
1 2 928
3 5 484
6 9 733
10 14 191
15 20 271
21 27 853
28 35 743
36 44 371
45 54 582
55 68 544
Ept 10
1 2 90
3 5 96
6 9 197
10 14 398
15 20 545
21 27 299
28 35 723
36 44 687
45 54 719
55 70 867
jhjrUWvMhf 10
1 2 596
3 5 230
6 9 901
10 14 677
15 20 619
21 27 513
28 35 223
36 44 835
45 54 532
55 100 53
GxxjdOQlAICQM 10
1 2 210
3 5 653
6 9 701
10 14 259
15 20 371
21 27 571
28 35 181
36 44 952
45 54 29
55 76 615
lzGOCKMK 10
1 2 433
3 5 350
6 9 484
10 14 951
15 20 538
21 27 614
28 35 13
36 44 698
45 54 461
55 77 326
dCftUbAOKQSYEt 10
1 2 873
3 5 147
6 9 981
10 14 161
15 20 365
21 27 637
28 35 324
36 44 197
45 54 882
55 86 646
SMGEYfGxzhQSIlS 10
1 2 242
3 5 316
6 9 294
10 14 195
15 20 266
21 27 622
28 35 877
36 44 264
45 54 178
55 75 894
QzdvbbKrbrh 10
1 2 685
3 5 956
6 9 970
10 14 534
15 20 628
21 27 901
28 35 317
36 44 869
45 54 657
55 98 182
KdYb 10
1 2 27
3 5 986
6 9 274
10 14 794
15 20 770
21 27 66
28 35 1000
36 44 389
45 54 888
55 84 489
MWnCIQl 10
1 2 589
3 5 15
6 9 329
10 14 508
15 20 176
21 27 71
28 35 91
36 44 928
45 54 430
55 81 852
QzInGxlWGAdbfnOr 10
1 2 755
3 5 644
6 9 518
10 14 299
15 20 317
21 27 135
28 35 630
36 44 144
45 54 809
55 83 901
QdbKfEfG 10
1 2 492
3 5 851
6 9 839
10 14 431
15 20 569
21 27 251
28 35 972
36 44 322
45 54 976
55 81 722
10
450917514696
719615750658
980467570165
3882434167
728997706075
180072473996
797160910884
265719049451
724403687757
235053841482
