20
vCb 10
1 2 585
3 5 709
6 9 115
10 14 862
15 20 247
21 27 258
28 35 77
36 44 494
45 54 119
55 65 990
dnSzG 10
1 2 698
3 5 612
6 9 173
10 14 8
15 20 292
21 27 950
28 35 825
36 44 579
45 54 822
55 65 554
AUUnQAxfzjdnjv 10
1 2 669
3 5 63
6 9 972
10 14 260
15 20 916
21 27 57
28 35 498
36 44 405
45 54 604
55 65 834
pWIWEYAKp 10
1 2 298
3 5 850
6 9 745
10 14 636
15 20 227
21 27 283
28 35 913
36 44 114
45 54 250
55 65 158
xvzMKlQtnzxrMU 10
1 2 4
3 5 469
6 9 355
10 14 256
15 20 657
21 27 407
28 35 236
36 44 842
45 54 918
55 65 35
Qx 10
1 2 580
3 5 841
6 9 204
10 14 466
15 20 594
21 27 283
28 35 213
36 44 423
45 54 418
55 65 882
MUSYSrWSth 10
1 2 26
3 5 670
6 9 47
10 14 455
15 20 519
21 27 831
28 35 979
36 44 973
45 54 622
55 65 2
r 10
1 2 839
3 5 744
6 9 39
10 14 327
15 20 5
21 27 609
28 35 638
36 44 637
45 54 68
55 65 448
EtbjSOpGYQ 10
1 2 571
3 5 259
6 9 998
10 14 773
15 20 276
21 27 216
28 35 245
36 44 912
45 54 804
55 65 817
CpbIznbMpUUGrhMpptpO 10
1 2 742
3 5 162
6 9 148
10 14 616
15 20 489
21 27 668
28 35 312
36 44 502
45 54 157
55 65 595
YIbGhxtdWQEWfllbAj 10
1 2 773
3 5 809
6 9 171
10 14 239
15 20 807
21 27 208
28 35 974
36 44 224
45 54 647
55 65 246
rdzQvvWSUjljtQ 10
1 2 394
3 5 848
6 9 684
10 14 573
15 20 998
21 27 783
28 35 258
36 44 400
45 54 991
55 65 624
OlOpKrvYdrxxxOAWGWx 10
1 2 150
3 5 317
6 9 710
10 14 276
15 20 306
21 27 802
28 35 738
36 44 1000
45 54 861
55 65 557
jxbCKUMQ 10
1 2 889
3 5 322
6 9 213
10 14 123
15 20 61
21 27 551
28 35 886
36 44 776
45 54 498
55 65 519
hEp 10
1 2 193
3 5 174
6 9 187
10 14 124
15 20 978
21 27 630
28 35 730
36 44 172
45 54 459
55 65 660
QMYU 10
1 2 110
3 5 164
6 9 96
10 14 5
15 20 443
21 27 654
28 35 729
36 44 823
45 54 65
55 65 405
Ktd 10
1 2 495
3 5 573
6 9 109
10 14 439
15 20 164
21 27 693
28 35 312
36 44 606
45 54 558
55 65 667
bQOAYfQY 10
1 2 488
3 5 906
6 9 642
10 14 966
15 20 111
21 27 391
28 35 807
36 44 176
45 54 184
55 65 161
AAbbnKWMnGhxWj 10
1 2 44
3 5 641
6 9 533
10 14 394
15 20 568
21 27 145
28 35 69
36 44 149
45 54 248
55 65 706
AKhnhQzlp 10
1 2 501
3 5 759
6 9 891
10 14 720
15 20 208
21 27 823
28 35 220
36 44 889
45 54 961
55 65 457
10
595
599
293
649
592
865
783
849
66
309
