100
100000 234444768 350040072 494334166 276231998
100000 951015779 705434823 547652302 584052124
100000 62559051 651331509 672400512 521682468
100000 424278027 15884868 105179564 56779726
100000 929624229 396168096 271162756 462885543
100000 613277930 622154422 619122239 390530649
100000 130652965 119198185 50134407 716436613
100000 684108548 156506485 443450259 445326893
100000 567183646 915566971 273599643 950249324
100000 525113149 292363417 54165763 455816056
100000 856364413 731224460 660076197 939274572
100000 751651085 740759617 21765739 626846682
100000 571418326 998415776 973054746 863871192
100000 294184567 533213769 569902366 309836130
100000 64054015 449543627 293082172 764608410
100000 411472864 816125933 793260236 286539793
100000 327104745 96425719 598340905 798513133
100000 604495383 749023099 398499317 918403883
100000 154731687 329923406 994330723 667931751
100000 424633955 794722132 831955389 912259989
100000 354908252 406442363 747754955 543246173
100000 897339575 719015447 117330506 737936384
100000 679943368 410058573 168790882 27168465
100000 325799531 493624332 916370831 76346430
100000 731788786 838717226 163797490 802386977
100000 785217675 740009153 637183174 314546609
100000 716749269 591819807 669166295 367026784
100000 262341220 94065635 335486087 766643820
100000 236956639 306389733 583691178 432398451
100000 837880785 836790015 902882476 465821829
100000 277903866 92924334 565550276 343191788
100000 734016902 193263170 157629299 61499579
100000 280971760 300636773 153529373 257197263
100000 673773695 351259779 744936259 320999182
100000 605057963 333544418 827385951 920421015
100000 267004200 614063729 387531407 222454185
100000 605391812 16478809 792940453 922044339
100000 48107404 941831589 207695228 597020745
100000 279742797 323959953 888059711 2482178
100000 462998172 76541221 797364989 790583229
100000 278468033 312758105 610658154 900876693
100000 51918687 448735974 660165708 867022610
100000 806185128 216991530 420210645 282314747
100000 178031651 843035571 242746393 736935107
100000 856048565 740767959 918292527 558636256
100000 627673368 608385528 816975042 617974378
100000 47334531 908828121 546512009 562635966
100000 143070638 250741042 524972036 778001036
100000 838078764 25818839 129769302 726062748
100000 703286556 373893889 358233157 761503650
100000 277576164 683986239 921148115 353479939
100000 960561661 154079607 392326276 808264760
100000 366213538 739291703 240064292 215041193
100000 19728081 228913339 669013998 954892802
100000 837118799 946461905 357302979 520352717
100000 965647085 58071005 482032934 482840312
100000 830093897 623741179 157712846 539240038
100000 336109774 544700054 955689871 229721258
100000 726162853 446165065 923233557 358823834
100000 860909495 553699002 972297564 449598681
100000 882360868 529453434 451552144 392518785
100000 381637481 78463719 629524893 598637916
100000 218319001 443925825 181324647 327747988
100000 815266014 924123110 602776068 403164149
100000 188141776 149140050 685257161 268238080
100000 489618367 547697157 864783626 334406660
100000 344731868 739019907 186179097 72074029
100000 857139818 569516134 826147443 985636168
100000 253419103 128214536 678073640 326490870
100000 542676498 507784332 277413150 699338100
100000 610949910 955175411 625958486 633229039
100000 782587320 229642913 895924 462412647
100000 662262414 57916821 17783847 550182577
100000 356699685 182583293 186724049 669795457
100000 322359987 467600645 281359685 21650755
100000 993081099 120195752 26660270 539165955
100000 699555363 790176750 100774149 901055867
100000 329882183 379324788 470444131 183342630
100000 768190872 440059808 163684570 764583261
100000 558017237 301051912 773726674 594196091
100000 451444268 771455903 990243413 335334100
100000 13790229 838085404 32587194 21913456
100000 91326508 162104835 968000366 932630275
100000 496475736 719588911 907612302 724556178
100000 143358429 831602050 376205987 125033816
100000 704446911 863016262 443315176 404454499
100000 664764156 117656570 547122315 834377488
100000 146918147 173388521 906225663 686650350
100000 402032086 982098393 129707897 867152862
100000 258645730 69017205 12716335 149369447
100000 474113544 236998912 308355925 566916223
100000 931941427 186533240 602836852 45728391
100000 518886942 354196718 931314349 257368971
100000 948459024 141366493 197768268 705807197
100000 928323227 915563576 841160716 636037148
100000 100173840 423413110 567051078 789902523
100000 176728117 440680324 115205409 436811590
100000 918725831 231859267 410246101 154173607
100000 473311665 245181120 838275832 477488050
100000 241066471 252372527 946426330 662850704
