100
100000 3 7 4 3
100000 3 1 6 10
100000 2 5 3 5
100000 6 2 6 3
100000 9 10 5 3
100000 4 6 6 7
100000 2 9 1 6
100000 3 10 8 1
100000 6 10 9 4
100000 7 5 1 6
100000 4 9 7 5
100000 9 2 3 9
100000 6 8 3 8
100000 10 6 8 4
100000 5 5 8 4
100000 1 2 3 9
100000 7 3 6 6
100000 9 9 8 9
100000 1 5 8 8
100000 2 8 9 3
100000 8 2 3 4
100000 7 2 6 5
100000 1 2 4 2
100000 9 8 3 8
100000 6 2 7 7
100000 7 9 10 10
100000 6 8 6 10
100000 4 1 9 7
100000 4 10 10 8
100000 7 8 9 6
100000 6 4 10 8
100000 1 7 9 3
100000 2 6 10 5
100000 1 7 6 4
100000 4 6 10 2
100000 3 5 6 6
100000 3 2 2 5
100000 2 2 5 1
100000 7 7 4 4
100000 6 4 10 1
100000 8 6 10 6
100000 10 10 9 8
100000 1 2 10 8
100000 10 4 9 7
100000 6 4 6 4
100000 7 6 4 1
100000 6 4 3 5
100000 2 10 2 8
100000 8 1 1 4
100000 5 8 2 3
100000 7 4 1 10
100000 1 9 10 7
100000 5 6 6 2
100000 10 9 8 8
100000 3 8 2 2
100000 8 4 4 5
100000 3 10 1 5
100000 4 8 3 2
100000 10 5 7 8
100000 5 10 2 7
100000 2 8 9 2
100000 6 7 1 4
100000 8 1 6 6
100000 6 10 1 5
100000 10 1 2 6
100000 7 4 3 2
100000 3 2 5 8
100000 6 10 2 9
100000 3 6 10 10
100000 6 10 7 8
100000 7 10 1 3
100000 6 4 3 3
100000 6 10 8 5
100000 9 3 9 5
100000 10 3 6 1
100000 6 5 8 1
100000 5 8 7 7
100000 9 5 1 2
100000 6 6 7 3
100000 6 1 9 2
100000 10 8 6 10
100000 10 9 8 2
100000 2 4 1 6
100000 2 4 1 5
100000 3 4 1 5
100000 10 4 9 7
100000 5 3 5 9
100000 7 5 5 4
100000 9 9 3 9
100000 2 5 5 10
100000 9 10 10 2
100000 5 10 10 10
100000 2 6 8 8
100000 10 9 6 8
100000 3 1 4 2
100000 6 7 7 5
100000 5 1 4 6
100000 8 7 8 6
100000 3 2 3 3
100000 1 8 8 8
