666
8
518382 714726 103973 538774 772959 526433 473334 537982
1
403773
5
512263 450453 173696 723092 210066
5
445622 152402 166698 840133 755940
5
532821 683019 76573 208840 701786
9
545949 46470 375528 666104 531253 102703 359405 111064 247838
3
877274 316308 593435
8
867751 230456 558993 461302 815958 933350 148528 40887
1
914108
3
147269 220638 307560
2
288891 797910
10
525560 341785 133704 971775 974766 693338 388296 621126 321464 117113
6
780356 730717 62040 576462 320245 152426
8
526956 103202 649236 773919 718408 968009 5117 307180
6
738063 907261 234424 325712 983458 94092
7
650896 434552 270805 803985 758000 605874 139536
7
491848 549620 157054 727587 785004 56958 336481
3
13622 971497 424305
8
247083 166439 871547 7770 777567 107332 767995 670040
3
578950 600524 959315
5
453543 363390 315018 637839 266731
3
920012 312763 194001
1
237623
8
470036 927440 389314 263329 678401 837691 884416 573565
10
98536 332680 880186 325514 979184 845204 648810 943829 524973 180037
9
98068 543739 424950 862641 900489 993269 938993 269372 925219
4
619505 414311 45613 892201
9
898295 421753 915965 595071 351164 916722 293112 54474 38773
1
436422
7
317055 698621 21217 260946 964886 834610 602231
4
370546 287205 988824 336667
9
438707 773877 931233 1775 849281 967597 962360 803 822530
5
106742 207758 683822 830999 75041
4
936289 736404 912401 204691
2
6897 152786
3
295927 137463 425554
8
406593 779653 449229 961563 783499 164449 970261 903556
6
153846 720692 325762 584079 605231 576042
5
511201 238327 683278 916638 386408
5
891329 92129 619300 25344 985528
10
887358 393320 311529 641902 308433 703208 411607 876593 209532 722815
3
67674 355166 159221
10
797596 284120 528569 719851 817416 600342 492342 443906 417542 193598
5
573513 213395 621703 658241 466196
6
705976 308176 10039 824769 242924 840792
3
149336 775360 492539
10
766 616428 34450 152062 42649 658816 72297 920236 928860 682505
7
712271 345477 12641 327209 88182 272405 257263
5
288880 886836 196215 352329 251943
5
944298 125968 107023 510592 407020
4
988359 882402 324050 167412
2
184672 247260
6
910168 36936 936506 354218 17022 609330
8
919685 910223 207966 81515 573525 721673 944808 87783
7
614576 764721 154633 110269 450664 320472 196209
10
941209 215678 460756 661065 189283 767281 903625 817625 981413 433036
10
992041 856023 564956 274752 459978 270912 179603 991775 516086 645842
6
892187 296302 318751 875205 212903 16426
8
863160 1482 583671 169045 842485 527269 294655 844741
10
33615 831446 685470 495649 500456 227161 605855 551916 229438 449094
3
572492 992610 317814
2
455698 83870
9
287458 446728 978087 936127 223495 946546 823915 806742 103270
5
55525 503202 42618 919261 51918
4
857202 409972 102687 358292
3
727777 406717 214527
8
989253 841143 496241 29354 346830 950885 216892 737756
10
924842 35058 957160 80794 310759 930306 696995 202295 816879 984478
5
739179 101854 492855 497376 791851
2
515294 652280
1
895305
7
190000 880130 969876 247622 408087 986664 11693
8
849940 460594 835426 229221 474341 111462 499167 552820
4
405361 235597 663603 185669
1
435521
10
510445 463953 560380 613167 938931 989110 305927 546360 496709 476515
7
278336 604621 21063 804776 501223 564586 440720
6
404867 473421 777051 409829 650458 808366
6
856370 315071 221114 405415 381586 595184
7
428628 20009 108353 809510 221509 331489 593414
5
473928 828391 295031 290500 907584
8
442356 328913 925134 651507 60205 685105 143003 532123
1
90999
3
936678 933085 284850
1
256325
10
773038 688119 886913 112490 905671 825656 790027 865869 443540 681719
6
167073 15422 90402 781734 623084 672162
4
260301 587958 715379 55229
3
397940 70703 100529
1
937981
6
845719 660194 970249 822928 689581 963951
8
523333 202284 238852 951547 654536 67363 670869 556447
9
834564 708109 202003 191443 369225 652969 619925 140058 722920
10
64756 942927 813673 52635 275908 444012 196887 564379 475056 886653
2
728466 922266
6
64506 332976 434096 295358 496406 759776
6
407555 480133 498388 294844 780337 910342
1
459893
3
65291 401501 970174
1
143638
3
662883 933312 654762
7
170178 356208 394877 83936 729861 946453 897628
1
313520
2
498786 680027
8
423198 678279 628401 732359 426496 110095 780253 770882
6
440238 746237 360517 69290 954122 186184
9
769196 732182 877133 239077 513831 649806 121697 50522 481261
7
382136 771025 982019 953342 418209 391287 667514
7
144481 962252 762937 103280 899977 523566 881585
9
140475 578390 750818 398364 151839 975627 47178 269138 417089
2
487119 6562
7
188064 484049 155129 539357 220317 790884 739824
3
139460 685010 906611
3
373205 771924 892006
3
386289 213108 516322
5
697335 770544 219136 817585 825909
10
521896 427240 202381 961397 913492 334636 178809 394520 156900 847951
4
965470 786159 23641 787009
8
704735 835566 600278 418501 398800 247149 56756 647868
10
352099 136083 253574 418443 992696 827632 19950 212959 964428 773838
4
132048 142700 668314 34441
8
116231 782866 129759 227735 558854 853709 111085 288293
6
988774 506561 432727 556874 361494 823473
6
131647 674241 254519 570540 423168 192406
5
929368 948361 709991 434838 900318
8
917788 48189 83752 909774 153514 21740 906971 296887
4
319052 655695 535897 127825
10
265397 561133 155607 554665 171242 832594 996992 889499 501910 216147
9
833039 636229 274155 386926 728146 130206 466557 571172 31725
8
485798 334591 79351 869396 262827 196859 422517 944526
4
926206 931770 70685 980808
8
426005 597505 489519 782364 2753 167676 838791 453552
2
168909 545025
4
411614 690640 626785 325588
9
965410 63830 791635 561820 774951 976047 692925 697219 473964
7
798466 462691 302129 649945 368135 266938 769107
5
385941 722060 471390 824779 20566
4
656691 619977 823010 879245
4
567679 687654 475055 516143
1
63996
6
353172 181299 345309 829606 400985 657896
1
869358
10
983533 184196 83706 298787 455609 994393 11275 980331 494407 715780
2
250253 447359
7
116516 37881 951509 380548 532136 310631 891618
1
687926
5
988406 227779 819431 260427 806414
7
234707 421161 84149 931769 932639 385333 637080
8
52979 607794 914649 880230 420336 102800 118920 96383
9
148201 863145 915735 975440 569153 278433 659217 603639 160626
6
340891 617146 291145 64386 503383 779383
3
759437 30195 418110
6
277444 795833 186842 940299 2808 904256
1
758812
6
999081 630044 90635 3873 669879 89588
10
923392 970670 558825 484044 862489 752223 442231 51310 200112 943688
1
33635
2
323155 502463
5
721159 239157 878166 756564 361930
10
24687 257810 936292 446650 542791 495033 444798 119862 447765 794862
9
345808 565818 965545 474031 105486 394179 490612 331917 878013
8
158797 187870 811606 465397 606283 273232 812033 419362
9
641718 187963 357133 976303 198809 208806 599058 614351 665536
6
390080 228963 725085 290831 43713 539289
1
568771
6
215839 773291 553593 639649 888473 646421
6
850967 718603 986149 783726 100210 11054
6
182614 941886 201095 375363 832093 43762
3
327169 173171 541961
1
962782
10
528535 72416 761894 189031 967879 591109 669531 899498 953741 77832
2
521200 488777
4
59012 854657 171787 272724
4
391448 53769 358360 896283
4
888177 229657 175907 102519
2
243504 261638
3
438856 462820 755383
5
768759 616796 698726 698214 86016
9
663342 283100 705166 252316 522833 728487 848719 253548 858915
9
307084 497465 970365 448570 589121 170610 499858 4431 350337
1
468328
10
996522 804910 703401 844535 122333 893892 973711 277978 975970 518198
8
668600 713535 783289 957182 932643 580087 364722 791996
4
759013 284002 839045 145625
6
460449 728710 605180 147914 519591 595864
3
156939 882366 86487
5
861863 944134 364044 583288 779286
3
287948 20734 406164
2
288948 622807
7
398793 43429 394586 350081 25930 918719 904730
1
967254
6
693418 218250 964411 887056 137536 880395
10
930100 59118 416109 577647 820828 168997 567614 336817 474643 96436
1
587903
1
446033
7
818986 956739 286721 297277 94842 942954 11486
1
320868
5
733569 169325 686200 606919 385846
3
749931 695727 669331
3
688510 421102 429834
8
466821 498810 750929 314732 47197 421630 922396 159818
1
525421
1
351864
6
460195 273134 157519 913822 228005 728216
4
155434 143701 874394 793391
7
137032 193082 95539 273745 159988 541461 822831
9
100655 304447 934897 939448 518595 377274 428609 992486 430989
6
820876 9839 948889 884214 404713 592186
5
883833 300965 112501 358034 916463
3
949021 527591 904065
7
619268 926639 929361 856412 701722 146325 768169
7
354276 648655 702374 948188 631412 576904 860562
4
85485 220795 700833 663266
8
304667 64670 201375 607669 677657 195337 530857 509706
5
4005 163889 548810 580390 653191
4
604754 514466 264306 268954
6
513382 388888 687448 49876 371652 294013
8
51006 995878 912069 802843 344973 495001 767302 340410
9
271964 825720 316874 673451 283899 536609 402068 493629 140051
2
929348 927986
5
93452 337324 859880 622012 47674
7
575634 922033 126242 778878 434581 354938 512804
9
501972 246431 727612 295376 513448 228403 997811 716952 383107
8
979693 40136 114820 452297 405359 615629 817196 726924
9
441972 965577 776105 522606 423102 330127 473364 684647 481425
2
322271 326213
10
972422 948440 509618 800725 262070 874336 146157 741697 313500 767760
5
402585 123961 964962 827450 856274
2
99736 31424
2
880347 228605
2
452070 130275
2
435666 97876
10
709883 536578 311798 674638 778541 323528 651819 919780 690893 180150
1
993474
3
692652 272873 459324
5
249499 503386 903806 687697 632961
4
853262 820496 963718 41629
7
295539 454614 706936 613151 831547 960070 444981
2
585625 699851
9
949538 575877 423015 325865 982396 620565 664881 452352 612549
7
409349 470257 9752 493366 92465 188879 566599
5
668997 979292 48363 769542 785780
2
25023 623972
6
33 416403 807719 545183 760610 967940
3
317272 247589 530220
7
825639 56142 854256 228820 886398 961691 883064
4
640578 526981 462668 970089
1
676314
6
551612 574654 413367 96647 233473 978284
1
547912
2
97587 503728
6
191053 119447 856193 692513 777954 729694
3
486202 765024 375529
3
324804 616297 858689
10
470992 811570 936969 784646 383645 260483 736231 148150 562534 86034
10
227444 521731 168491 51308 332415 868949 913788 560137 450318 188056
6
62359 700544 258794 398474 82389 425288
4
309395 663478 271509 374129
10
655924 63875 739308 842086 521940 443869 850866 141669 616964 250569
2
569490 289590
7
977048 227720 974240 241951 425395 27683 339721
8
630803 953867 740986 668166 453621 412534 566124 731971
10
527286 498367 529339 554895 240014 908412 850374 659022 663201 390771
3
540932 508067 634326
10
732729 448184 994407 852222 551173 996985 937136 948800 992969 324192
9
602825 412842 112454 16863 675405 1530 942775 136155 879932
9
122041 641143 760639 198247 395997 631811 392587 986311 195912
2
82153 448795
9
194072 962833 942312 843375 728162 696625 43358 654266 550799
6
677062 532255 655809 491134 287514 911444
5
702530 842377 153564 364272 357430
2
296631 423333
3
397242 51802 778901
5
780380 925588 500128 625652 866795
8
117764 927807 279103 303438 932611 201759 955586 302562
2
546442 148026
9
755062 521096 91299 588426 74188 856170 435415 993166 118154
3
367874 812874 18148
7
542054 519674 326469 213990 172189 372905 350862
3
235300 518920 425939
8
872200 210555 548475 857015 40343 981137 611724 118758
7
494879 420419 56317 757041 598854 885220 815074
7
843279 196959 954498 124834 291158 879949 160986
5
749741 110833 679675 182819 776168
4
558280 513427 320844 489247
4
85635 705231 452546 610612
2
176836 90150
6
610120 745596 305050 63505 773228 698931
9
715972 400549 296099 47070 680531 463110 462193 4850 552110
2
910092 825443
3
680391 104680 921669
3
911209 987653 847365
3
579006 658268 954701
10
918883 489045 968779 604910 112933 596540 806907 1463 239753 609652
8
388850 43379 218201 424659 940057 275982 638400 541894
2
575740 305055
5
680023 944279 519113 871285 887237
5
435530 218351 664377 52838 593000
6
640704 308270 880261 809440 861875 48446
5
931594 548413 955702 458028 912947
8
72573 475441 304620 818606 976425 265381 812997 965786
4
185712 925428 240517 691460
7
165681 920884 843912 821721 461403 560371 434836
10
620919 737087 929853 226907 117103 246929 413620 161055 403140 316345
6
153656 315857 318397 786792 470017 96994
1
816741
7
293687 519527 972591 612890 68693 930754 22552
9
441586 623237 360165 107043 110660 417841 289474 563454 841736
6
957262 266685 585854 589324 751635 452307
1
453074
2
775974 258427
3
566388 103323 613202
9
597224 700906 988203 464455 513010 91074 376616 952344 300439
6
242472 495221 515734 760640 783225 165925
3
974045 610758 202206
9
395355 732989 89629 995114 925278 325884 318840 472836 338224
4
501527 563538 374580 159437
7
149670 872792 225099 805931 559473 746771 53181
9
940287 784807 741694 761931 363988 169684 229906 480820 530606
6
476989 878701 242601 612347 280631 850080
5
420129 35140 921331 989131 410979
6
989961 547010 866868 838814 463344 103956
9
208938 931679 607961 838156 576148 152199 41150 89347 212058
1
328179
6
603120 717803 403016 631081 876817 316794
1
924462
5
274736 743364 920809 293731 630161
1
66616
3
629583 55008 240535
1
655479
4
105975 401174 156151 970216
4
567083 380828 65105 610915
4
869806 857011 478644 676895
10
310338 342931 880343 134027 724336 107367 713654 909583 763961 848796
9
386237 6975 289639 831916 137220 839027 489383 559697 953853
9
651955 698964 977828 145670 298005 789042 453586 886089 199519
10
368655 313889 358755 806689 305353 348904 213733 744186 188748 356048
8
856988 904833 965453 131845 834497 174996 821901 375167
10
214738 396608 261780 787229 396082 708408 393285 970326 237976 409327
5
63282 303686 837534 609070 154083
3
468654 725223 351601
7
204990 966951 683538 565411 248361 597280 157094
8
827721 907167 685852 744527 689448 116420 140941 285640
4
18681 607523 827796 541036
2
928015 213781
4
745793 754912 735206 827902
4
772087 877423 158523 153883
2
230154 803728
10
60978 901081 49779 98218 477838 445180 633698 63235 480971 569698
3
152634 252307 729588
10
937945 328452 319323 68157 815237 855873 275150 202397 264710 49952
4
605422 569232 377266 198591
5
700196 705009 836341 255119 228383
8
501073 190828 173312 597012 712494 304405 899487 336765
8
212604 680168 121238 857407 496959 457312 103181 137415
6
743736 539557 559290 823912 685826 701975
7
642514 498399 412648 619957 217466 245871 140420
10
736579 950466 692975 525392 362701 90128 154086 998118 95573 545100
8
532891 771376 336524 355642 229080 162765 712869 978218
5
220572 621594 462794 329271 722980
3
715127 236410 592456
6
600341 180033 774892 400520 156881 211042
2
439752 794321
7
972625 546884 632771 204977 546512 248266 619848
9
3353 73828 370739 922098 399641 844468 226427 512565 414684
6
545438 71003 455204 328103 280980 904822
7
2050 818041 897570 216254 218945 226353 722087
7
952510 827901 939347 819476 242470 866798 186642
8
469147 257632 680815 287665 562092 828863 530660 515254
9
431747 637580 809264 257569 825662 863090 235119 530262 337471
7
907692 948888 752801 160986 439198 49399 142586
8
849072 848188 329005 932826 468589 8293 547651 23132
3
192410 853840 992279
10
369678 294324 896426 211680 104123 548781 385422 371086 499984 328663
8
75677 918175 329250 538768 597494 378076 13276 676892
2
352633 211019
4
926346 831750 433428 367699
2
137683 363227
4
592543 733426 488645 843348
3
923180 304725 758075
10
412278 642065 790082 406337 700811 80393 260838 809187 44039 770247
1
424158
8
952314 521886 129930 687450 450034 856140 981793 236865
1
409773
9
838886 393258 149845 335417 230445 53797 516484 197187 827115
2
619637 943861
8
609973 949414 386979 617656 721202 979021 665420 524808
8
714120 421640 455429 190949 503349 133915 597362 237367
2
26608 891386
7
726429 634942 959209 716722 312807 386062 828128
9
114783 138655 329797 284629 819089 510963 72960 41331 522748
6
741252 961390 478506 362302 585384 933675
9
127263 533681 587713 941200 635191 62198 812073 308253 935056
2
254184 36464
4
454312 964270 18786 404214
9
789237 779168 413686 328428 190079 354408 719878 546681 68185
6
994007 928754 903319 64569 42296 157036
9
966178 67180 831948 614535 246526 335090 669465 283809 582490
5
342680 522106 24258 923148 342968
7
603852 897075 199519 766686 68680 240584 157134
10
769220 756513 435371 236779 948665 116587 756185 294405 333 699556
4
899473 639500 257839 228580
6
449075 483806 534257 104062 598329 550002
10
862704 799076 606129 166802 506101 971380 989172 470872 258224 113688
9
709043 201737 58776 785283 411376 691731 862058 996487 138016
10
52107 368314 339613 111591 210378 596069 889169 72602 63475 803682
7
740119 141576 41312 831269 79590 801692 587051
3
159876 729146 467046
1
568818
8
239461 852433 62237 435290 404298 989333 993101 292900
7
292479 202818 249002 178392 698300 319816 134671
4
872729 616632 948184 806219
5
261798 183889 225602 872756 834487
6
292836 900516 720551 373081 708460 953970
10
356272 843354 884248 381755 873187 689709 530357 624070 339123 709948
6
884480 956334 545480 892911 433980 908977
2
952750 846058
6
338477 460450 849099 170420 900083 491133
6
197913 462682 485507 778942 283893 606204
6
795113 638564 97344 116735 845556 125618
9
722722 953114 182606 776146 439141 892670 306141 780447 215449
5
621391 708795 710401 793250 331648
9
651229 607642 898777 413295 245560 611779 961330 435539 987172
10
802953 550383 312412 393997 922430 212755 678602 604147 487935 132663
6
143094 880735 580341 279816 55273 250429
4
53459 975531 836956 256365
9
737393 552160 526765 619437 964823 292734 763883 740752 634613
7
426332 908514 63137 128401 894784 118213 178755
9
200661 462380 595940 336307 466769 798432 134215 611779 826648
8
193172 402471 475566 92073 468714 521493 237054 599934
10
423690 179185 247179 994133 526285 665213 819361 632170 635110 706341
10
469688 675218 225427 69634 903321 562148 786264 815564 279712 346250
6
808490 989929 695478 281607 119426 718254
9
594052 293881 544690 482498 366447 212571 583425 620076 106109
4
909925 259002 738004 390453
7
5833 399965 151501 835595 256552 715497 926139
8
656970 845792 444807 330750 5960 130111 525771 950752
2
258441 410440
5
428823 363245 985341 481777 285603
8
613208 449237 781822 715123 177854 316786 355020 499201
2
462968 650085
1
654109
4
134900 164858 540276 694055
4
570454 461213 389014 374186
5
725677 141430 760258 708262 924910
3
592014 885874 8123
8
414592 673043 475446 763307 613348 214834 620679 703711
8
41883 303890 914791 989499 615412 301455 622895 618605
2
983881 542948
8
551262 765349 409633 404294 554641 523210 724875 601681
5
969711 508133 657710 804927 436614
2
676395 634432
9
731919 373291 233377 551592 452909 869411 582478 62260 926567
7
31476 158781 652374 327445 18862 367827 917979
7
162171 713546 129304 212851 446502 214845 72473
3
177966 179919 508336
9
311680 900979 752392 648951 111074 456752 431824 623745 840127
2
602703 536551
5
242099 580767 712338 959846 270120
3
768441 244521 948584
10
975446 116848 363258 948796 186630 59027 591134 576275 409604 191798
2
941642 402834
6
704614 949044 8191 28387 522374 230126
3
924702 273110 350799
8
825131 877974 263867 586779 713748 855240 560864 567680
7
536285 640247 103343 980929 420797 522847 885266
2
831639 237956
1
492809
3
510123 921856 798439
2
392527 60186
9
997032 248409 776675 966447 979978 665399 546765 945195 960503
8
33383 463504 184635 889460 451330 829422 409642 25752
1
677541
7
838297 24075 281842 384254 170089 613213 379919
8
674441 608137 732804 268550 25335 746293 138471 519847
7
673996 760398 898998 603266 362912 603678 762655
6
261560 889800 648482 426523 943755 129027
4
763261 662381 545209 367121
4
795825 344395 155139 864093
9
287378 486229 539752 829650 391928 553241 755131 718474 407427
4
200432 249677 619792 263775
8
223918 493369 351596 926437 304239 62613 509265 749937
1
373787
10
202801 589625 727005 663649 729034 354888 583129 216489 528295 244162
7
101862 968433 132887 193385 473272 742487 840415
6
869361 267904 347923 550658 790480 396308
4
976112 106944 770797 467118
8
957380 899866 594450 98959 307922 603426 956048 990425
10
812466 5062 188113 629781 70661 863740 318829 608353 231287 84969
5
869019 552632 463396 442258 547375
6
607116 376393 626973 729790 474839 394412
4
262214 722135 514962 923633
6
563967 494549 719143 772177 317191 948797
7
477186 619413 612145 343171 999727 179760 331976
5
711468 351907 683870 993422 897946
4
148326 571151 213264 369961
3
986356 182340 871558
3
557598 92258 394805
1
793966
2
412377 479723
3
199875 963296 219322
10
577184 765487 797098 539540 4984 210545 726032 85180 804961 41936
4
566136 506614 154627 722903
5
727910 444068 180758 796731 54526
4
685828 353196 39936 664137
7
120747 645559 134044 44352 694231 803110 688264
7
149760 22479 495107 434532 246586 264236 873803
10
984904 723730 126340 438928 95701 683742 935834 747365 233333 419597
2
229738 251271
8
139865 998785 740541 58709 505714 556448 853915 85151
5
272048 588968 558488 475154 480476
4
971924 556299 661679 9645
6
884653 597142 715502 462427 498497 717136
8
527261 727873 375928 51558 315949 464278 499435 200217
4
419190 643713 468143 738264
5
861719 971875 943422 335587 960635
2
52456 461729
5
625622 913437 156683 12668 389402
9
577894 316692 636318 605022 895474 131219 734356 86764 867356
10
116485 276026 736012 856007 250757 755158 238259 938946 188698 587600
6
349711 600822 950429 899202 338436 613281
6
311972 752507 517082 523227 888373 632040
2
39299 937083
3
669210 883195 282977
4
869591 542451 702014 612918
3
854650 82944 677158
9
389714 722793 450184 986740 443889 970370 564193 802218 131461
7
88079 645762 946697 264630 733963 560515 495995
4
997956 875629 228304 34339
1
651315
1
357940
6
39120 785345 402092 24582 593116 327988
9
984831 973973 887084 874878 27282 236178 87977 120161 603049
4
597879 467004 613173 43595
7
656951 94392 463603 337639 776153 599928 336509
4
895799 707835 736960 436183
3
354792 525048 77486
8
146740 94360 829626 626129 59596 670296 652499 531660
6
246808 914757 763137 722388 951298 493100
3
932750 301010 709257
7
714231 248698 993054 98093 302805 656214 910212
1
186638
5
53918 692540 110076 527330 910433
4
270703 69114 698293 412179
10
981037 357340 478852 905369 479915 934692 667022 226459 969819 933551
8
589034 292078 638328 740015 656411 565305 533577 25258
9
819821 274151 217183 249714 522209 44508 76271 33558 400338
3
657004 14850 628214
8
65357 659804 404491 929886 330434 749002 730652 554498
5
165900 40328 780146 462156 672376
9
573972 727692 15706 451409 19659 958555 39349 625374 307671
7
207879 444617 41930 485625 129903 99608 493365
2
472687 861275
6
333932 148628 371773 633335 759911 799410
6
862421 902552 85339 694798 433026 475595
9
474571 15638 18038 677343 925042 158526 830331 464565 201862
1
845464
3
542880 754945 313933
7
251915 573191 920374 914536 629360 125723 615064
2
235024 646340
10
852697 612830 944632 964589 62210 103265 536449 656160 815300 534292
1
723512
3
764894 557750 111682
4
717564 884430 280722 961857
8
653359 666866 947465 191650 964132 891386 181911 563885
4
537777 318385 428523 749206
8
296513 206473 461858 829125 230183 594704 76730 984601
1
657707
8
61786 77967 376261 202316 277399 18843 778104 776515
5
608234 248574 176076 969390 766848
3
303171 869457 468025
7
334071 684978 602821 378825 232255 881147 978344
4
131578 313067 279118 180614
4
395331 273429 312380 479049
4
331879 622466 273129 207314
6
650133 909047 607997 229556 654934 662986
1
327488
5
706670 961503 249806 650706 361554
1
997530
8
82566 660215 983852 363545 536384 376543 590605 950321
1
894931
2
90610 691429
10
933315 635908 66984 646401 291451 201041 373472 265946 600383 181733
10
226734 831626 328070 548535 301130 540568 338821 289383 429559 595183
2
202926 967232
3
192589 67465 674811
9
647611 618521 313147 703068 463257 323431 407529 759156 703332
10
410270 2721 34862 510416 509689 974561 681265 312652 546833 299844
1
713508
10
458170 770862 367582 996559 672179 60573 997487 337058 263452 978672
5
400470 730576 983389 766239 153110
4
643667 611397 324197 809662
7
471619 209669 873876 718374 862752 532183 766530
1
128967
1
139518
6
646155 397191 931401 582707 101791 519750
8
522758 688874 240719 845228 193199 575183 449163 161490
9
818197 189068 70626 288187 715931 10229 993513 771097 220743
1
879600
9
694547 607489 758766 925714 771866 163178 901760 807280 12218
1
798720
8
66988 167063 952083 18485 711346 15974 78743 384478
3
635988 772243 358015
2
485528 664609
6
752700 564468 853288 120079 759612 524975
8
374779 207765 141715 423498 453675 185085 458197 547355
6
730453 22720 263697 431344 165836 273380
3
564695 461195 413094
8
49435 73550 582982 311648 247648 824396 888075 439367
1
90338
8
241591 916731 635737 515249 635229 324965 254612 661453
3
620033 24484 423111
4
491865 440654 158140 695468
3
847810 31871 282024
4
295313 446430 821349 513697
10
904 583317 164428 546504 930752 148071 357843 700528 768064 862461
5
459207 378479 244339 372078 210913
2
940874 900616
7
662508 649048 596470 417046 141305 425769 171868
8
287219 274306 698341 149435 866647 622192 351933 251818
3
664795 7813 844298
10
216616 343823 202243 388333 153761 348920 641776 161904 418050 270241
3
322644 408108 342966
1
712945
10
700378 289683 530230 628157 22195 63163 840933 512209 870099 882993
7
699428 111664 275664 965429 676700 436761 172051
1
980114
3
971293 205454 69198
5
20182 737622 251125 968223 170548
9
898013 103908 311251 339638 721657 183530 220423 686414 200122
8
298491 407351 103259 679424 198668 945389 80469 800573
5
732030 489013 269680 626819 5764
4
112301 698863 621339 761706
6
120439 382469 78769 259073 852083 790575
1
506705
4
822816 716148 351860 367047
2
101431 813694
10
369219 850006 691446 881367 658644 5540 172233 911300 84230 993352
6
90998 975420 45186 365237 457985 877690
3
789182 72473 935004
6
203064 712016 537769 665364 785109 60093
2
296758 655418
10
984791 532996 809165 901542 559205 84851 402431 217453 513304 403051
10
896216 670710 165083 116404 567846 821986 278150 725221 541284 952320
5
162716 155359 322265 309940 803203
4
354878 31589 531022 246338
10
254401 66873 519561 487324 872881 19489 233339 576712 492809 87755
9
735812 188853 722570 474913 656072 60660 21049 136973 579758
6
177982 377160 566542 745978 589990 634964
10
378608 265505 744896 890025 356398 850774 118826 962168 703907 57041
2
307211 463714
8
750696 466192 901282 635986 452895 751796 386149 448946
5
939488 251522 801936 241957 714572
6
667210 73078 760415 735258 50649 419117
2
991133 23974
9
963424 387476 598880 409999 691681 175436 65197 105541 629824
10
221159 449278 1639 347981 773389 554602 550500 570357 244129 502642
6
156322 900291 703817 436515 563710 822909
8
76743 420742 224664 536436 409893 146775 3620 214771
9
214746 919867 941288 81521 923967 267795 898889 790364 672727
6
718025 660207 204787 926698 425684 866707
10
240251 333846 731636 918057 356464 276808 179684 741366 880837 663516
5
927167 68697 764303 633331 904880
6
106871 416180 754827 286747 251056 944244
4
90581 987248 800082 747223
4
624165 17703 930872 829797
